010101001001202003
010101002801202003
010101003601202003
010102001501202003
010102002301202003
010102003101202003
010102004001202003
010102005801202003
010102005802202003
010102006601202003
010102006602202003
010102006605202003
010102007401202003
010102007402202003
010102007405202003
010102008201202003
010102008202202003
010102009001202003
010102009002202003
010102009005202003
010103001001202003
010103001002202003
010103002901202003
010103002902202003
010104002401202003
010104002402202003
010104003201202003
010104003202202003
010104004001202003
010104004002202003
010104005901202003
010104005902202003
010104005905202003
010104006701202003
010104006702202003
010104006705202003
010105001101202003
010105001102202003
010105001105202003
010105002001202003
010105002002202003
010105002005202003
010105004601202003
010105004602202003
010105004605202003
010105005401202003
010105005402202003
010105005405202003
010105006202202003
010105006205202003
010105007002202003
010105007005202003
010105008902202003
010105008905202003
010105009702202003
010105009705202003
010105010002202003
010105010005202003
010105011902202003
010105011905202003
010105012702202003
010105012705202003
010105013502202003
010105013505202003
010105014302202003
010105014305202003
010201005601202003
010201006401202003
010201007201202003
010201014501202003
010201015301202003
010201016101202003
010201017001202003
010201018801202003
010201019601202003
010201020001202003
010201021801202003
010201022601202003
010201023401202003
010201024201202003
010201025001202003
010201026901202003
010201027701202003
010201028501202003
010201029301202003
010201030701202003
010201031501202003
010201032301202003
010201033101202003
010201034001202003
010201035801202003
010201036601202003
010201037401202003
010201038201202003
010201039001202003
010201040401202003
010201041201202003
010201042001202003
010201043901202003
010201044701202003
010201045501202003
010201046301202003
010201047101202003
010201048001202003
010201049801202003
010201050101202003
010201051001202003
010201052801202003
010201053601202003
010201054401202003
010201055201202003
010201056001202003
010201057901202003
010201058701202003
010201059501202003
010201060901202003
010201061701202003
010201062501202003
010201063301202003
010201064101202003
010201065001202003
010201066801202003
010202001901202003
010202001902202003
010202002701202003
010202002702202003
010202003501202003
010202003502202003
020101001102202003
020101001104202003
020101002001202003
020101002002202003
020101002005202003
020101003803202003
020101004602202003
020101004604202003
020101005405202003
020101006202202003
020101006204202003
020101007002202003
020101007004202003
020101008901202003
020101008902202003
020101008905202003
020101009702202003
020101009704202003
020101010002202003
020101010004202003
020101011902202003
020101011904202003
020101012703202003
020101013503202003
020101014303202003
020101015102202003
020101015105202003
020101016002202003
020101016003202003
020101017802202003
020101017804202003
020101018602202003
020101018604202003
020101019402202003
020101019404202003
020101020803202003
020101021602202003
020101021604202003
020101022402202003
020101022404202003
020101023202202003
020101023204202003
020101024002202003
020101024003202003
020101025903202003
020101026702202003
020101026703202003
020101027502202003
020101027503202003
020101027504202003
020101028302202003
020101028304202003
020101029101202003
020101029102202003
020101029105202003
020101030502202003
020101030503202003
020101030504202003
020101031302202003
020101031303202003
020101031304202003
020101032102202003
020101032103202003
020101032104202003
020101033002202003
020101033003202003
020101033004202003
020101034801202003
020101034802202003
020101034805202003
020101035602202003
020101036401202003
020101036402202003
020101037202202003
020101037204202003
020101038002202003
020101038004202003
020101039901202003
020101039902202003
020101039905202003
020101040202202003
020101040203202003
020101041001202003
020101041002202003
020101041004202003
020101042905202003
020101043702202003
020101043704202003
020101044501202003
020101044502202003
020101044505202003
020101045301202003
020101045302202003
020101045305202003
020101046101202003
020101046102202003
020101046105202003
020101047001202003
020101047002202003
020101047005202003
020101048802202003
020101048804202003
020101049602202003
020101049604202003
020101050002202003
020101050004202003
020101051802202003
020101051804202003
020101052602202003
020101052604202003
020101053403202003
020101054202202003
020101054204202003
020101055003202003
020101056902202003
020101056904202003
020101058502202003
020101059301202003
020101059302202003
020101059305202003
020101060702202003
020101061502202003
020101061504202003
020101062302202003
020101062304202003
020101063101202003
020101063102202003
020101063105202003
020101064001202003
020101064002202003
020101064005202003
020101065801202003
020101065802202003
020101065805202003
020101066602202003
020101066604202003
020102001701202003
020102001702202003
020102001705202003
020102002501202003
020102002502202003
020102002505202003
020102003301202003
020102003302202003
020102003305202003
020102004101202003
020102004102202003
020102004105202003
020102005001202003
020102005002202003
020102005005202003
020102006802202003
020201001501202003
020201001502202003
020201001505202003
020201002301202003
020201002302202003
020201002305202003
020201002307202003
020201003101202003
020201003102202003
020201003105202003
020201004001202003
020201004002202003
020201004005202003
020201005801202003
020201005802202003
020201005805202003
020201006601202003
020201006602202003
020201006605202003
020201007401202003
020201007402202003
020201007405202003
020201008201202003
020201008202202003
020201008205202003
020201009001202003
020201009002202003
020201009005202003
020201010401202003
020201010402202003
020201010405202003
020201011201202003
020201011202202003
020201011205202003
020201012001202003
020201012002202003
020201012005202003
020201013901202003
020201013902202003
020201013905202003
020201014701202003
020201014702202003
020201014705202003
020201015501202003
020201015502202003
020201015505202003
020201016301202003
020201016302202003
020201016305202003
020201017101202003
020201017102202003
020201017105202003
020201018001202003
020201018002202003
020201018005202003
020201019801202003
020201019802202003
020201019805202003
020201020101202003
020201020102202003
020201020105202003
020201021001202003
020201021002202003
020201021005202003
020201021007202003
020201022801202003
020201022802202003
020201022805202003
020201023601202003
020201023602202003
020201023605202003
020201024405202003
020201025201202003
020201025202202003
020201025205202003
020201026001202003
020201026002202003
020201026005202003
020201027901202003
020201027902202003
020201027905202003
020201027907202003
020201028701202003
020201028702202003
020201028705202003
020201028707202003
020201029501202003
020201029502202003
020201029505202003
020201029507202003
020201030901202003
020201030902202003
020201030905202003
020201031701202003
020201031702202003
020201031705202003
020201031707202003
020201032501202003
020201032502202003
020201032505202003
020201033301202003
020201033302202003
020201033305202003
020201034101202003
020201034102202003
020201034105202003
020201035001202003
020201035002202003
020201035005202003
020201036801202003
020201036802202003
020201036805202003
020201037601202003
020201037602202003
020201037605202003
020201038401202003
020201038402202003
020201038405202003
020201038407202003
020201039201202003
020201039202202003
020201039205202003
020201039207202003
020201040601202003
020201040602202003
020201040605202003
020201041401202003
020201041402202003
020201041405202003
020201042201202003
020201042202202003
020201042205202003
020201042207202003
020201043001202003
020201043002202003
020201043005202003
020201043007202003
020201044901202003
020201044902202003
020201044905202003
020201045701202003
020201045702202003
020201045705202003
020201046501202003
020201046502202003
020201046505202003
020201047301202003
020201047302202003
020201047305202003
020201047307202003
020201048101202003
020201048102202003
020201048105202003
020201049001202003
020201049002202003
020201049005202003
020201050301202003
020201050302202003
020201050305202003
020201050307202003
020201051101202003
020201051102202003
020201051105202003
020201052001202003
020201052002202003
020201053801202003
020201053802202003
020201053805202003
020201054601202003
020201054602202003
020201054605202003
020201055401202003
020201055402202003
020201055405202003
020201056201202003
020201056202202003
020201056205202003
020201057001202003
020201057002202003
020201057005202003
020201058901202003
020201058902202003
020201058905202003
020201059701202003
020201059702202003
020201059705202003
020201060001202003
020201060002202003
020201060005202003
020201060007202003
020201061901202003
020201061902202003
020201061905202003
020201062701202003
020201062702202003
020201062705202003
020201062707202003
020201063501202003
020201063502202003
020201063505202003
020201063507202003
020201064301202003
020201064302202003
020201064305202003
020201065101202003
020201065102202003
020201065105202003
020201065107202003
020201066001202003
020201066002202003
020201066005202003
020201066007202003
020201067801202003
020201067802202003
020201067805202003
020201067807202003
020201068601202003
020201068602202003
020201068605202003
020201069401202003
020201069402202003
020201069405202003
020201069407202003
020201070801202003
020201070802202003
020201070805202003
020201071601202003
020201071602202003
020201071605202003
020201072401202003
020201072402202003
020201072405202003
020201073201202003
020201073202202003
020201073205202003
020201074001202003
020201074002202003
020201074005202003
020201075901202003
020201075902202003
020201075905202003
020201076701202003
020201076702202003
020201076705202003
020201076707202003
020201077501202003
020201077502202003
020201078301202003
020201078302202003
020202001001202003
020202001002202003
020202001005202003
020202002901202003
020202002902202003
020202002905202003
020202003701202003
020202003702202003
020202003705202003
020202004501202003
020202004502202003
020202004505202003
020202005301202003
020202005302202003
020202005305202003
020202006101202003
020202006102202003
020202006105202003
020202007001202003
020202007002202003
020202007005202003
020202008801202003
020202008802202003
020202008805202003
020202009601202003
020202009602202003
020202009605202003
020202010001202003
020202010002202003
020202010005202003
020202011801202003
020202011802202003
020202012601202003
020202012602202003
020202012605202003
020202013401202003
020202013402202003
020202013405202003
020202014201202003
020202014202202003
020202014205202003
020202015001202003
020202015002202003
020202015005202003
020202016901202003
020202016902202003
020202016905202003
020202017701202003
020202017702202003
020202017705202003
020202018501202003
020202018502202003
020202018505202003
020202019301202003
020202019302202003
020202019305202003
020202020701202003
020202020702202003
020202020705202003
020202021501202003
020202021502202003
020202021505202003
020202022301202003
020202022302202003
020202022305202003
020202023101202003
020202023102202003
020202023105202003
020202024001202003
020202024002202003
020202024005202003
020202025801202003
020202025802202003
020202025805202003
020202026601202003
020202026602202003
020202026605202003
020202027401202003
020202027402202003
020202027405202003
020202028201202003
020202028202202003
020202028205202003
020202029001202003
020202029002202003
020202029005202003
020202030401202003
020202030402202003
020202030405202003
020202030407202003
020202031201202003
020202031202202003
020202031205202003
020202032001202003
020202032002202003
020202032005202003
020202033901202003
020202033902202003
020202033905202003
020202034701202003
020202034702202003
020202034705202003
020202035501202003
020202035502202003
020202035505202003
020202036301202003
020202036302202003
020202036305202003
020202037101202003
020202037102202003
020202037105202003
020202037107202003
020202038001202003
020202038002202003
020202038005202003
020202038007202003
020202039801202003
020202039802202003
020202039805202003
020202040101202003
020202040102202003
020202040105202003
020202041001202003
020202041002202003
020202041005202003
020202042801202003
020202042802202003
020202042805202003
020202043601202003
020202043602202003
020202043605202003
020202044401202003
020202044402202003
020202044405202003
020202045201202003
020202045202202003
020202045205202003
020202046001202003
020202046002202003
020202046005202003
020202047905202003
020202048701202003
020202048702202003
020202048705202003
020202049501202003
020202049502202003
020202049505202003
020202050901202003
020202050902202003
020202050905202003
020202051701202003
020202051702202003
020202052501202003
020202052502202003
020202052505202003
020202053301202003
020202053302202003
020202053305202003
020202054101202003
020202054102202003
020202054105202003
020203001601202003
020203001602202003
020203001605202003
020203002402202003
020203002405202003
020203003201202003
020203003202202003
020203003205202003
020203004001202003
020203004002202003
020203004005202003
020203005902202003
020203005905202003
020203006701202003
020203006702202003
020203006705202003
020203007501202003
020203007502202003
020203007505202003
020203008301202003
020203008302202003
020203008305202003
020203009101202003
020203009102202003
020203009105202003
020203010501202003
020203010502202003
020203010505202003
020203011301202003
020203011302202003
020203011305202003
020203012101202003
020203012102202003
020203012105202003
020203013001202003
020203013002202003
020203013005202003
020203014801202003
020203014802202003
020203014805202003
020203015601202003
020203015602202003
020203015605202003
020203016401202003
020203016402202003
020203016405202003
020203017205202003
020203018001202003
020203018002202003
020203018005202003
020203019901202003
020203019902202003
020203019905202003
020203020201202003
020203020202202003
020203020205202003
020203021002202003
020203022901202003
020203022902202003
020203022905202003
020203023702202003
020203023704202003
020203024501202003
020203024502202003
020203024505202003
020203025301202003
020203025302202003
020203025305202003
020203026101202003
020203026102202003
020203027001202003
020203027002202003
020203027005202003
020203028801202003
020203028802202003
020203028805202003
020203029601202003
020203029602202003
020203029605202003
020203030001202003
020203030002202003
020203030005202003
020203030007202003
020203031801202003
020203031802202003
020203031805202003
020203032601202003
020203032602202003
020203032605202003
020203033401202003
020203033402202003
020203033405202003
020203034201202003
020203034202202003
020203034205202003
020203035001202003
020203035002202003
020203035005202003
020203036901202003
020203036902202003
020203036905202003
020203037701202003
020203037702202003
020203037705202003
020203038501202003
020203038502202003
020203038505202003
020203039301202003
020203039302202003
020203039305202003
020203040701202003
020203040702202003
020203040705202003
020203041501202003
020203041502202003
020203041505202003
020203042301202003
020203042302202003
020203042305202003
020203043101202003
020203043102202003
020203043105202003
020203044001202003
020203044002202003
020203044005202003
020203045801202003
020203045802202003
020203045805202003
020203046601202003
020203046602202003
020203046605202003
020203047401202003
020203047402202003
020203047405202003
020203048201202003
020203048202202003
020203048205202003
020203050401202003
020203050402202003
020203050405202003
020203051201202003
020203051202202003
020203051205202003
020203052001202003
020203052002202003
020203052005202003
020203053901202003
020203053902202003
020203053905202003
020203054701202003
020203054702202003
020203054705202003
020203055501202003
020203055502202003
020203055505202003
020203056301202003
020203056302202003
020203056305202003
020203057101202003
020203057102202003
020203057105202003
020203058001202003
020203058002202003
020203058005202003
020203059801202003
020203059802202003
020203059805202003
020203060101202003
020203060102202003
020203060105202003
020203061001202003
020203061002202003
020203061005202003
020203062801202003
020203062802202003
020203062805202003
020203063601202003
020203063602202003
020203063605202003
020203063607202003
020203064401202003
020203064402202003
020203064405202003
020203065201202003
020203065202202003
020203065205202003
020203066001202003
020203066002202003
020203066005202003
020203067902202003
020203067905202003
020203067907202003
020203068701202003
020203068702202003
020203068705202003
020203069501202003
020203069502202003
020203069505202003
020203070901202003
020203070902202003
020203070905202003
020203071701202003
020203071702202003
020203071705202003
020203072501202003
020203072502202003
020203072505202003
020203073301202003
020203073302202003
020203073305202003
020203074101202003
020203074102202003
020203074105202003
020203075001202003
020203075002202003
020203075005202003
020203076801202003
020203076802202003
020203076805202003
020203077601202003
020203077602202003
020203077605202003
020203078401202003
020203078402202003
020203078405202003
020203078407202003
020203079201202003
020203079202202003
020203079205202003
020203080601202003
020203080602202003
020203080605202003
020203081401202003
020203081402202003
020203081405202003
020203082201202003
020203082202202003
020203082205202003
020203083001202003
020203083002202003
020203083005202003
020203084901202003
020203084902202003
020203084905202003
020203085701202003
020203085702202003
020203085705202003
020203086501202003
020203086502202003
020203086505202003
020203087301202003
020203087302202003
020203087305202003
020203088101202003
020203088102202003
020203088105202003
020203089001202003
020203089002202003
020203089005202003
020203089007202003
020203090301202003
020203090302202003
020203090305202003
020203091101202003
020203091102202003
020203091105202003
020203092001202003
020203092002202003
020203092005202003
020203093801202003
020203093802202003
020203093805202003
020203094601202003
020203094602202003
020203094605202003
020203095401202003
020203095402202003
020203095405202003
020203096201202003
020203096202202003
020203096205202003
020203097001202003
020203097002202003
020203097005202003
020203097007202003
020203098901202003
020203098902202003
020203098905202003
020203099701202003
020203099702202003
020203099705202003
020203100401202003
020203100402202003
020203100405202003
020203101201202003
020203101202202003
020203101205202003
020203102001202003
020203102002202003
020203102005202003
020203103901202003
020203103902202003
020203103905202003
020203104701202003
020203104702202003
020203104705202003
020203105501202003
020203105502202003
020203106301202003
020203106302202003
020203106305202003
020203107102202003
020203107105202003
020203108002202003
020203109802202003
020203109804202003
020203110101202003
020203110102202003
020203110105202003
020203111001202003
020203111002202003
020203111005202003
020203112801202003
020203112802202003
020203112805202003
020203113601202003
020203113602202003
020203113605202003
020203114401202003
020203114402202003
020203114405202003
020203115201202003
020203115202202003
020203115205202003
020203117901202003
020203117902202003
020203117905202003
020203118701202003
020203118702202003
020203118705202003
020203119501202003
020203119502202003
020203119505202003
020203120902202003
020203120904202003
020203121701202003
020203121702202003
020203122502202003
020203122505202003
020203123302202003
020203123305202003
020203124102202003
020203125002202003
020203126802202003
020203127602202003
020203127604202003
020204001101202003
020204001102202003
020204001105202003
020204002001202003
020204002002202003
020204002005202003
020204003801202003
020204003802202003
020204003805202003
020204004601202003
020204004602202003
020204004605202003
020204005401202003
020204005402202003
020204005405202003
020204006201202003
020204006202202003
020204006205202003
020204007001202003
020204007002202003
020204007005202003
020204008901202003
020204008902202003
020204008905202003
020204009701202003
020204009702202003
020204009705202003
020204010001202003
020204010002202003
020204010005202003
020204011901202003
020204011902202003
020204012701202003
020204012702202003
020204012705202003
020204013501202003
020204013502202003
020204013505202003
020204014301202003
020204014302202003
020204014305202003
020204015101202003
020204015102202003
020204015105202003
020204016001202003
020204016002202003
020204016005202003
020204017801202003
020204017802202003
020204017805202003
020205001701202003
020205001702202003
020205001705202003
020205002501202003
020205002502202003
020205002505202003
020205003301202003
020205003302202003
020205003305202003
020205004101202003
020205004102202003
020205004105202003
020205005001202003
020205005002202003
020205005005202003
020205006801202003
020205006802202003
020205006805202003
020205007602202003
020205007605202003
020205007607202003
020205008401202003
020205008402202003
020205008405202003
020205009201202003
020205009202202003
020205009205202003
020205010601202003
020205010602202003
020205010605202003
020205011401202003
020205011402202003
020205011405202003
020205012201202003
020205012202202003
020205012205202003
020205013001202003
020205013002202003
020205013005202003
020205014901202003
020205014902202003
020205014905202003
020205015701202003
020205015702202003
020205015705202003
020205016501202003
020205016502202003
020205016505202003
020205017301202003
020205017302202003
020205017305202003
020205018101202003
020205018102202003
020205018105202003
020205019001202003
020205019002202003
020205019005202003
020205020301202003
020205020302202003
020205020305202003
020205021101202003
020205021102202003
020205021105202003
020205022001202003
020205022002202003
020205022005202003
020205023801202003
020205023802202003
020205023805202003
020205024601202003
020205024602202003
020205024605202003
020205025401202003
020205025402202003
020205025405202003
020205026201202003
020205026202202003
020205026205202003
020205027001202003
020205027002202003
020205027005202003
020205028901202003
020205028902202003
020205028905202003
020205029701202003
020205029702202003
020205029705202003
020205030001202003
020205030002202003
020205030005202003
020205031901202003
020205031902202003
020205031905202003
020205032701202003
020205032702202003
020205032705202003
020206001201202003
020206001202202003
020206001205202003
020206002001202003
020206002002202003
020206002005202003
020206003901202003
020206003902202003
020206003905202003
020206004701202003
020206004702202003
020206004705202003
020206005501202003
020206005502202003
020206005505202003
020206006301202003
020206006302202003
020206006305202003
020206007101202003
020206007102202003
020206007105202003
020206008001202003
020206008002202003
020206008005202003
020206009801202003
020206009802202003
020206009805202003
020206010101202003
020206010102202003
020206010105202003
020206011001202003
020206011002202003
020206011005202003
020206012801202003
020206012802202003
020206012805202003
020206013601202003
020206013602202003
020206013605202003
020206014401202003
020206014402202003
020206014405202003
020206015201202003
020206015202202003
020206015205202003
020206016001202003
020206016002202003
020206016005202003
020206017901202003
020206017902202003
020206017905202003
020206018701202003
020206018702202003
020206018705202003
020206019501202003
020206019502202003
020206019505202003
020206020901202003
020206020902202003
020206020905202003
020206021701202003
020206021702202003
020206021705202003
020206022501202003
020206022502202003
020206022505202003
020206023301202003
020206023302202003
020206023305202003
020206024101202003
020206024102202003
020206024105202003
020206025001202003
020206025002202003
020206025005202003
020206025007202003
020206026801202003
020206026802202003
020206026805202003
020206027601202003
020206027602202003
020206027607202003
020206028401202003
020206028402202003
020206028405202003
020206029201202003
020206029202202003
020206029205202003
020206030601202003
020206030602202003
020206030605202003
020206031401202003
020206031402202003
020206031405202003
020206032201202003
020206032202202003
020206033001202003
020206033002202003
020206033005202003
020206034901202003
020206034902202003
020206034905202003
020206035701202003
020206035702202003
020206035705202003
020206036501202003
020206036502202003
020206036505202003
020206037301202003
020206037302202003
020206037305202003
020206037307202003
020206038101202003
020206038102202003
020206038105202003
020206039001202003
020206039002202003
020206039005202003
020206040301202003
020206040302202003
020206040305202003
020206041101202003
020206041102202003
020206041105202003
020206042001202003
020206042002202003
020206042005202003
020206043801202003
020206043802202003
020206043805202003
020206044601202003
020206044602202003
020206044605202003
020206045401202003
020206045402202003
020206045405202003
020206046201202003
020206046202202003
020206046205202003
020206047001202003
020206047002202003
020206047005202003
020207001801202003
020207001802202003
020207001805202003
020207002601202003
020207002602202003
020207002605202003
020207003401202003
020207003402202003
020207003405202003
020207004201202003
020207004202202003
020207004205202003
020207005001202003
020207005002202003
020207005005202003
020207006901202003
020207006902202003
020207006905202003
020207007701202003
020207007702202003
020207007705202003
020207008501202003
020207008502202003
020207008505202003
020207008507202003
020207009301202003
020207009302202003
020207009305202003
020207010701202003
020207010702202003
020207010705202003
020207011501202003
020207011502202003
020207011505202003
020207012301202003
020207012302202003
020207012305202003
020207013101202003
020207013102202003
020207013105202003
020207014001202003
020207014002202003
020207014005202003
020207015801202003
020207015802202003
020207015805202003
020207016601202003
020207016602202003
020207016605202003
020207017401202003
020207017402202003
020207017405202003
020207018202202003
020207018205202003
020207019001202003
020207019002202003
020207019005202003
020207020401202003
020207020402202003
020207020405202003
020207021201202003
020207021202202003
020207021205202003
020207022001202003
020207022002202003
020207022005202003
020207023901202003
020207023902202003
020207023905202003
020207024701202003
020207024702202003
020207024705202003
020207025501202003
020207025502202003
020207025505202003
020207026301202003
020207026302202003
020207026305202003
020207027101202003
020207027102202003
020207027105202003
020207028001202003
020207028002202003
020207028005202003
020207029801202003
020207029802202003
020207029805202003
020207030101202003
020207030102202003
020207030105202003
020207031001202003
020207031002202003
020207031005202003
020207032801202003
020207032802202003
020207032805202003
020207033601202003
020207033602202003
020207033605202003
020207034401202003
020207034402202003
020207034405202003
020207035201202003
020207035202202003
020207035205202003
020208001301202003
020208001302202003
020208001305202003
020208002101202003
020208002102202003
020208002105202003
020208003001202003
020208003002202003
020208003005202003
020208004801202003
020208004802202003
020208004805202003
020208005601202003
020208005602202003
020208005605202003
020208006401202003
020208006402202003
020208006405202003
020208007201202003
020208007202202003
020208007205202003
020208007207202003
020208008001202003
020208008002202003
020208008005202003
020208008007202003
020208009901202003
020208009902202003
020208009905202003
020208010201202003
020208010202202003
020208010205202003
020208011001202003
020208011002202003
020208011005202003
020208012901202003
020208012902202003
020208012905202003
020208013701202003
020208013702202003
020208013705202003
020208014501202003
020208014502202003
020208014505202003
020208015301202003
020208015302202003
020208015305202003
020208015307202003
020208016101202003
020208016102202003
020208016105202003
020208017001202003
020208017002202003
020208017005202003
020208018801202003
020208018802202003
020208018805202003
020208019601202003
020208019602202003
020208019605202003
020208020001202003
020208020002202003
020208020005202003
020208021801202003
020208021802202003
020208021805202003
020208022601202003
020208022602202003
020208022605202003
020208023401202003
020208023402202003
020208023405202003
020208024201202003
020208024202202003
020209001901202003
020209001902202003
020209001905202003
020209002701202003
020209002702202003
020209002705202003
020209003501202003
020209003502202003
020209003505202003
020209004301202003
020209004302202003
020209004305202003
020209005101202003
020209005102202003
020209005105202003
020209006001202003
020209006002202003
020209006005202003
020209007801202003
020209007802202003
020209007805202003
020209008601202003
020209008602202003
020209008605202003
020209009401202003
020209009402202003
020209009405202003
020209010801202003
020209010802202003
020209010805202003
020209011601202003
020209011602202003
020209012401202003
020209012402202003
020209012405202003
020209013201202003
020209013202202003
020209013205202003
020209014005202003
020209015901202003
020209015902202003
020209015905202003
020209016701202003
020209016702202003
020209016705202003
020209017501202003
020209017502202003
020209017505202003
020209018301202003
020209018302202003
020209018305202003
020209018307202003
020209019101202003
020209019102202003
020209019105202003
020209021301202003
020209021302202003
020209021305202003
020209022101202003
020209022102202003
020209022105202003
020209023001202003
020209023002202003
020209023005202003
020209024801202003
020209024802202003
020209024805202003
020209025601202003
020209025602202003
020209025605202003
020209026401202003
020209026402202003
020209026405202003
020209027201202003
020209027202202003
020209027205202003
020209028001202003
020209028002202003
020209028005202003
020209029901202003
020209029902202003
020209029905202003
020209030201202003
020209030202202003
020209030205202003
020209031001202003
020209031002202003
020209031005202003
020209032901202003
020209032902202003
020209032905202003
020209033701202003
020209033702202003
020209033705202003
020209034501202003
020209034502202003
020209034505202003
020209035301202003
020209035302202003
020209035305202003
020209036102202003
020209036105202003
020210001402202003
020210001404202003
020210002202202003
020210002204202003
020210003002202003
020210003004202003
020210004902202003
020210004904202003
020210005707202003
020210006507202003
020210007307202003
020210008107202003
020210009007202003
020210010307202003
020210011107202003
020210012007202003
020210013807202003
020210014607202003
020210015407202003
020210016207202003
020210017007202003
020210018907202003
020210019707202003
020211001001202003
020211001002202003
020211002802202003
020211003602202003
020211004401202003
020211004402202003
020211005201202003
020211005202202003
020211006001202003
020211006002202003
020211007901202003
020211007902202003
020211008701202003
020211008702202003
020211009501202003
020211009502202003
020211010901202003
020211010902202003
020211011702202003
020211012502202003
020211013302202003
020211014102202003
020212001501202003
020212001502202003
020212001505202003
020212002301202003
020212002302202003
020212002305202003
020212003101202003
020212003102202003
020212003105202003
020212004001202003
020212004002202003
020212004005202003
020212005801202003
020212005802202003
020212005805202003
020212006601202003
020212006602202003
020212006605202003
020212007401202003
020212007402202003
020212007405202003
020212008201202003
020212008202202003
020212008205202003
020212009001202003
020212009002202003
020212009005202003
020212010401202003
020212010402202003
020212010405202003
020301001902202003
020301002702202003
020301002704202003
020301003502202003
020301003504202003
020301004302202003
020301007802202003
020301008602202003
020302001402202003
020302002202202003
020302002204202003
020302003002202003
020302003004202003
020302004902202003
020302004904202003
020302005705202003
020302006502202003
020302007302202003
020302008102202003
020401001201202003
020401001202202003
020401001205202003
020401002001202003
020401002002202003
020401002005202003
020401003901202003
020401003902202003
020401003905202003
020401004701202003
020401004702202003
020401004705202003
020401005501202003
020401005502202003
020401005505202003
020401006301202003
020401006302202003
020401006305202003
020401007101202003
020401007102202003
020401007105202003
020401008001202003
020401008002202003
020401008005202003
020401009801202003
020401009802202003
020401009805202003
020401010101202003
020401010102202003
020401010105202003
020401011001202003
020401011002202003
020401011005202003
020401012801202003
020401012802202003
020401012805202003
020401013601202003
020401013602202003
020401013605202003
020401014401202003
020401014402202003
020401014405202003
020401015201202003
020401015202202003
020401015205202003
020401016001202003
020401016002202003
020401016005202003
020401017901202003
020401017902202003
020401017905202003
020401018701202003
020401018702202003
020401018705202003
020401019501202003
020401019502202003
020401019505202003
020401020901202003
020401020902202003
020401020905202003
020402001802202003
020402001804202003
020402002601202003
020402002602202003
020402002605202003
020402003401202003
020402003402202003
020402003405202003
020402004201202003
020402004202202003
020402004205202003
020402005001202003
020402005002202003
020402005005202003
020402006901202003
020402006902202003
020402006905202003
020402007701202003
020402007702202003
020402007705202003
020402008501202003
020402008502202003
020402008505202003
020402009301202003
020402009302202003
020402009305202003
020402010701202003
020402010702202003
020402010705202003
020402011501202003
020402011502202003
020402011505202003
020402012301202003
020402012302202003
020402012305202003
020402013101202003
020402013102202003
020402013105202003
020403001302202003
020403001304202003
020403002101202003
020403002102202003
020403002105202003
020403003002202003
020403004802202003
020403004804202003
020403005601202003
020403005602202003
020403005605202003
020403006401202003
020403006402202003
020403006405202003
020403007201202003
020403007202202003
020403007205202003
020403008001202003
020403008002202003
020403008005202003
020403009901202003
020403009902202003
020403009905202003
020403010201202003
020403010202202003
020403010205202003
020403011001202003
020403011002202003
020403011005202003
020403012901202003
020403012902202003
020403012905202003
020403013701202003
020403013702202003
020403013705202003
020403014501202003
020403014502202003
020403014505202003
020403015301202003
020403015302202003
020403015305202003
020403015307202003
020403016102202003
020403017001202003
020403017002202003
020403017005202003
020403018802202003
020404001901202003
020404001902202003
020404001905202003
020404002701202003
020404002702202003
020404002705202003
020404003501202003
020404003502202003
020404003505202003
020404004301202003
020404004302202003
020404004305202003
020404005101202003
020404005102202003
020404005105202003
020404006001202003
020404006002202003
020404006005202003
020404007801202003
020404007802202003
020404007805202003
020404008601202003
020404008602202003
020404008605202003
020404009401202003
020404009402202003
020404009405202003
020404010801202003
020404010802202003
020404010805202003
020404011601202003
020404011602202003
020404011605202003
020404012401202003
020404012402202003
020404012405202003
020405001401202003
020405001402202003
020405001405202003
020405002201202003
020405002202202003
020405002205202003
020405003001202003
020405003002202003
020405003005202003
020405004901202003
020405004902202003
020405004905202003
020405005701202003
020405005702202003
020405005705202003
020405006501202003
020405006502202003
020405006505202003
020405007301202003
020405007302202003
020405007305202003
020405008101202003
020405008102202003
020405008105202003
020405009005202003
020405010301202003
020405010302202003
020405010305202003
020405011101202003
020405011102202003
020405011105202003
020405012001202003
020405012002202003
020405012005202003
020405013801202003
020405013802202003
020405013805202003
020405014601202003
020405014602202003
020405014605202003
020405015401202003
020405015402202003
020405015405202003
020405016201202003
020405016202202003
020405016205202003
020405017001202003
020405017002202003
020405017005202003
020405018901202003
020405018902202003
020405018905202003
020406001001202003
020406001002202003
020406001005202003
020406002802202003
020406002805202003
020406003601202003
020406003602202003
020406003605202003
020406004401202003
020406004402202003
020406004405202003
020406005201202003
020406005202202003
020406006001202003
020406006002202003
020406006005202003
020406007901202003
020406007902202003
020406007905202003
020406008701202003
020406008702202003
020406008705202003
020406009501202003
020406009502202003
020406009505202003
020406010901202003
020406010902202003
020406010905202003
020406011701202003
020406011702202003
020406011705202003
020406012501202003
020406012502202003
020406012505202003
020406013301202003
020406013302202003
020406013305202003
020406014101202003
020406014102202003
020406014105202003
020406015001202003
020406015002202003
020406015005202003
020406016801202003
020406016802202003
020406016805202003
020406017601202003
020406017602202003
020406017605202003
020501001602202003
020501001604202003
020501002402202003
020501002404202003
020501003202202003
020501003204202003
020501003207202003
020501004002202003
020501004004202003
020501005901202003
020501005902202003
020501005904202003
020502001102202003
020502001104202003
020502002002202003
020502003802202003
020502003804202003
020502004602202003
020502004604202003
020502004607202003
020502005402202003
020502005404202003
020502005407202003
020502006201202003
020502006202202003
020502006204202003
020502007002202003
020502007004202003
020502008902202003
020502008904202003
020502009702202003
020502009704202003
020502010001202003
020502010002202003
020502010004202003
020502011902202003
020502011904202003
020502012702202003
020502012704202003
020502013502202003
020502013504202003
020502014302202003
020502014304202003
020502015101202003
020502015102202003
020502015104202003
020502016002202003
020502016004202003
020502017802202003
020502017804202003
020502018601202003
020502018602202003
020502018604202003
020502019402202003
020502019404202003
020601001002202003
020601001004202003
020601002802202003
020601002804202003
020601003602202003
020601003604202003
020601004402202003
020601004404202003
020601005202202003
020601005204202003
020601006002202003
020601006004202003
020601007902202003
020601007904202003
020601008702202003
020601008704202003
020601009506202003
020602001502202003
020602001504202003
020602002302202003
020602002304202003
020602003102202003
020602003104202003
020602004004202003
020603001002202003
020603001004202003
020603002902202003
020603002904202003
020603003702202003
020603003704202003
020701001302202003
020701001304202003
020701002102202003
020701002104202003
020701003002202003
020701003004202003
020701004802202003
020701004804202003
020701005602202003
020701005604202003
020701006402202003
020701006404202003
020701007202202003
020701007204202003
020702001902202003
020702001904202003
020702002702202003
020702002704202003
020702003502202003
020702003504202003
020703001402202003
020703001404202003
020703002202202003
020703002204202003
020703003002202003
020703003004202003
020703004902202003
020703004904202003
020801001702202003
020801001704202003
020801002502202003
020801002504202003
020801003302202003
020801003304202003
020801004102202003
020801004104202003
020801005002202003
020801005004202003
020801006802202003
020801006804202003
020801007602202003
020801007604202003
020801008402202003
020801008404202003
020801009202202003
020801009204202003
020802001202202003
020802001204202003
020802002002202003
020802002004202003
020802003902202003
020802003904202003
020802004705202003
020802005502202003
020802005504202003
020802006302202003
020802006304202003
020802007102202003
020802007104202003
020802008002202003
020802008004202003
020802009802202003
020802009804202003
020802010102202003
020802010104202003
020802011002202003
020802011004202003
020802012802202003
020802012804202003
020803001802202003
020803001804202003
020803002602202003
020803002604202003
020803003402202003
020803003404202003
020803004202202003
020803004204202003
020803005002202003
020803005004202003
020804001305202003
020804002102202003
020804002104202003
020804003002202003
020804003004202003
020804004805202003
020804005602202003
020804005604202003
020804006402202003
020804006404202003
020804007202202003
020804007204202003
020804008002202003
020804008004202003
020804009902202003
020804009904202003
020804010202202003
020804010204202003
020805001902202003
020805001904202003
020805002705202003
020805003502202003
020805003504202003
020805004302202003
020805004304202003
020806001402202003
020806001404202003
020806002202202003
020806002204202003
020806003002202003
020806003004202003
020807001002202003
020807001004202003
020807002802202003
020807002804202003
020807003602202003
020807003604202003
020807004402202003
020807004404202003
020808001502202003
020808001504202003
020808002302202003
020808002304202003
020808003102202003
020808003104202003
020808004002202003
020808004004202003
020809001002202003
020809001004202003
020809002902202003
020809002904202003
020809003702202003
020809003704202003
020901001002202003
020901001004202003
020901002902202003
020901002904202003
020901003702202003
020901003704202003
020901004502202003
020901004504202003
020901005302202003
020901005304202003
020901006102202003
020901006104202003
020902001602202003
020902001604202003
020903001101202003
020903001102202003
020903001104202003
020904001702202003
020904001704202003
020904002501202003
020904002502202003
020904002504202003
020904003302202003
020904003303202003
020904004101202003
020904004102202003
020904004104202003
020904005003202003
021001001004202003
021001002902202003
021001003702202003
021001003704202003
021001004502202003
021001004504202003
021001005302202003
021001005304202003
021001006102202003
021001006104202003
021001007002202003
021001007004202003
021001008802202003
021001008805202003
021001009602202003
021001009604202003
021001010002202003
021001010004202003
021001011802202003
021001011804202003
021001012602202003
021001012604202003
021001013402202003
021001013404202003
021001014202202003
021001014204202003
021001015002202003
021001015004202003
021001016902202003
021001016904202003
021001017702202003
021001017705202003
021001018502202003
021001018505202003
021001019302202003
021001019304202003
021001020702202003
021001020704202003
021002001602202003
021002001604202003
021101001401202003
021101001402202003
021101002201202003
021101002202202003
021101002205202003
021101003001202003
021101003002202003
021101003005202003
021101004901202003
021101004902202003
021102001004202003
021102001006202003
021102002804202003
021102002806202003
021102003601202003
021102003602202003
021102003605202003
021102003607202003
021102004401202003
021102004402202003
021102004405202003
021102004407202003
021102005201202003
021102005202202003
021102006001202003
021102006002202003
021102006005202003
021102006007202003
021102007905202003
021103001502202003
021103001504202003
021103002302202003
021103002304202003
021103003102202003
021103003104202003
021103004002202003
021103004005202003
021103005802202003
021103005805202003
021103006602202003
021103006604202003
021103007402202003
021103007404202003
021103008202202003
021103008204202003
021103009002202003
021103009004202003
021104001001202003
021104001002202003
021104001005202003
021104002902202003
021104002905202003
021104003701202003
021104003702202003
021104004501202003
021104004502202003
021104005301202003
021104005302202003
021104006101202003
021104006102202003
021104006105202003
021105002401202003
021105002402202003
021105002405202003
021105003201202003
021105003202202003
021105003205202003
021105004001202003
021105004002202003
021105004005202003
021105005901202003
021105005902202003
021105006701202003
021105006702202003
021105006705202003
021105007501202003
021105007502202003
021105008301202003
021105008302202003
021105008305202003
021105009103202003
021105009104202003
021105010502202003
021105010503202003
021105011301202003
021105011302202003
021105011305202003
021105012101202003
021105012102202003
021105012105202003
021105013001202003
021105013002202003
021105013005202003
021105014803202003
021105014804202003
021105015601202003
021105015602202003
021106001102202003
021106002001202003
021106002002202003
021106003801202003
021106003802202003
021106005401202003
021106005402202003
021106006201202003
021106006202202003
021106007001202003
021106007002202003
021106008901202003
021106008902202003
021106009701202003
021106009702202003
021106010001202003
021106010002202003
021106011902202003
021106012702202003
021106013501202003
021106013502202003
021106014301202003
021106014302202003
021106015101202003
021106015102202003
021106016001202003
021106016002202003
021106017802202003
021106018602202003
021106020801202003
021106020802202003
021106021601202003
021106021602202003
021106022401202003
021106022402202003
021106023202202003
021106024001202003
021106024002202003
021106025902202003
021106025904202003
021106026702202003
021106027501202003
021106027502202003
021106028306202003
021107001701202003
021107001702202003
021107002501202003
021107002502202003
021107002505202003
021107002507202003
021107003301202003
021107003302202003
021107003307202003
021107004101202003
021107004102202003
021107004105202003
021107004107202003
021107005001202003
021107005002202003
021107006801202003
021107006802202003
021107006805202003
021107007601202003
021107007602202003
021107007605202003
021107007607202003
021107008401202003
021107008402202003
021107008405202003
021107009206202003
021107010606202003
021107011401202003
021107011402202003
021107011405202003
021107012201202003
021107012202202003
021107013001202003
021107013002202003
021107014901202003
021107014902202003
021107014905202003
021107015701202003
021107015702202003
021107015705202003
021107015707202003
021107016501202003
021107016502202003
021107017301202003
021107017302202003
021107018101202003
021107018102202003
021107019001202003
021107019002202003
021107020301202003
021107020302202003
021107020305202003
021107020307202003
021107021101202003
021107021102202003
021107021105202003
021107021107202003
021107022001202003
021107022002202003
021107023801202003
021107023802202003
021107024601202003
021107024602202003
021107024607202003
021107025401202003
021107025402202003
021107026201202003
021107026202202003
021107026205202003
021107026207202003
021107027001202003
021107027002202003
021107027005202003
021107028901202003
021107028902202003
021107029706202003
021107030006202003
021107031906202003
021107032701202003
021107032702202003
021107033501202003
021107033502202003
021107034301202003
021107034302202003
021107035101202003
021107035102202003
021107035105202003
021107036001202003
021107036002202003
021107037806202003
021107038607202003
021107039405202003
021107039407202003
021107040805202003
021107040807202003
021107041606202003
021108001201202003
021108001202202003
021108001205202003
021108002001202003
021108002002202003
021108002007202003
021108003901202003
021108003902202003
021108004701202003
021108004702202003
021108004705202003
021108005501202003
021108005502202003
021108006301202003
021108006302202003
021108006305202003
021108007101202003
021108007102202003
021108007105202003
021108008001202003
021108008002202003
021108008005202003
021109001801202003
021109001802202003
021109002601202003
021109002602202003
021109003401202003
021109003402202003
021109004201202003
021109004202202003
021109004205202003
021109005001202003
021109005002202003
021109006901202003
021109006902202003
021109007701202003
021109007702202003
021110001301202003
021110001302202003
021110001305202003
021201001801202003
021201001802202003
021201002602202003
021201002604202003
021201003402202003
021201003404202003
021201004201202003
021201004202202003
021201005001202003
021201005002202003
021201006901202003
021202001301202003
021202001302202003
021202002101202003
021202002102202003
021202003001202003
021202003002202003
021202004801202003
021202004802202003
021202005601202003
021202005602202003
021202006401202003
021202006402202003
021301001101202003
021301001102202003
021301002001202003
021301002002202003
021301003801202003
021301003802202003
021301005401202003
021301005402202003
021301006201202003
021301006202202003
021301007001202003
021301007002202003
021301008901202003
021301008902202003
021301009701202003
021301009702202003
021301010001202003
021301010002202003
021301011901202003
021301011902202003
021301012701202003
021301012702202003
021301013501202003
021301013502202003
021301014301202003
021301014302202003
021301016001202003
021301016002202003
021301017801202003
021301017802202003
021301018601202003
021301018602202003
021301019401202003
021301019402202003
021301020801202003
021301020802202003
021301021601202003
021301021602202003
021301022401202003
021301022402202003
021301023201202003
021301023202202003
021301024001202003
021301024002202003
021301025901202003
021301025902202003
021301026701202003
021301026702202003
021301027501202003
021301027502202003
021301029101202003
021301029102202003
021301030501202003
021301030502202003
021301032101202003
021301032102202003
021301033001202003
021301033002202003
021301034801202003
021301034802202003
021301035601202003
021301035602202003
021301036401202003
021301036402202003
021301037201202003
021301037202202003
021301038001202003
021301038002202003
021301039901202003
021301039902202003
021301040201202003
021301040202202003
021301041001202003
021301041002202003
021301042901202003
021301042902202003
021301043701202003
021301043702202003
021301044501202003
021301044502202003
021301045301202003
021301045302202003
021301046101202003
021301046102202003
021301047001202003
021301047002202003
021301048801202003
021301048802202003
021301049601202003
021301049602202003
021301050001202003
021301050002202003
021301051801202003
021301051802202003
021301052601202003
021301052602202003
021301053401202003
021301053402202003
021301054201202003
021301054202202003
021301055001202003
021301055002202003
021301056901202003
021301056902202003
021301057701202003
021301057702202003
021301058501202003
021301058502202003
021301060701202003
021301060702202003
021301061501202003
021301061502202003
021301062301202003
021301062302202003
021301063101202003
021301063102202003
021301064001202003
021301064002202003
021301065801202003
021301065802202003
021301066601202003
021301066602202003
021301067401202003
021301067402202003
021301068201202003
021301068202202003
021301069001202003
021301069002202003
021301070401202003
021301070402202003
021302001701202003
021302001702202003
021302002501202003
021302002502202003
021302003301202003
021302003302202003
021302004101202003
021302004102202003
021302005001202003
021302005002202003
021302006801202003
021302006802202003
021302007601202003
021302007602202003
021302008401202003
021302008402202003
021401001501202003
021401001502202003
021401001505202003
021401002301202003
021401002302202003
021401002305202003
021401003101202003
021401003102202003
021401003105202003
021401004002202003
021401004004202003
021401005801202003
021401005802202003
021401005804202003
021401006601202003
021401006602202003
021401007401202003
021401007402202003
021401007405202003
021401008202202003
021401009002202003
021401010401202003
021401010402202003
021401010405202003
021401011202202003
021401011205202003
021401012002202003
021401012005202003
021401013902202003
021401013905202003
030101001301202003
030101001302202003
030101002101202003
030101002102202003
030101003001202003
030101003002202003
030101004801202003
030101004802202003
030101004805202003
030101005601202003
030101005602202003
030101006401202003
030101006402202003
030101007201202003
030101007202202003
030101008001202003
030101008002202003
030101009901202003
030101009902202003
030101010206202003
030101011001202003
030101011002202003
030101012901202003
030101012902202003
030101013701202003
030101013702202003
030101014504202003
030101015301202003
030101015302202003
030101016101202003
030101016102202003
030101017005202003
030101019606202003
030101020006202003
030101021806202003
030101022602202003
030101023402202003
030102001902202003
030102002702202003
030102003502202003
030103001401202003
030103001402202003
030103002201202003
030103002202202003
030103004901202003
030103004902202003
030103005701202003
030103005702202003
030103006501202003
030103006502202003
030103007301202003
030103007302202003
030103008101202003
030103008102202003
030103009001202003
030103009002202003
030103010301202003
030103010302202003
030103011101202003
030103011102202003
030103012001202003
030103012002202003
030103013801202003
030103013802202003
030103014601202003
030103014602202003
030103015401202003
030103015402202003
030103016201202003
030103016202202003
030103017001202003
030103017002202003
030103018901202003
030103018902202003
030103019701202003
030103019702202003
030104001001202003
030104001002202003
030104002802202003
030104002805202003
030104003601202003
030104004401202003
030104004402202003
030104005202202003
030104006002202003
030104007901202003
030104007902202003
030104008701202003
030104008702202003
030104009501202003
030104009502202003
030105001506202003
030105002302202003
030105003102202003
030105004002202003
030105005801202003
030105005802202003
030105006605202003
030105006607202003
030105007403202003
030105008201202003
030105008202202003
030105009001202003
030105009002202003
030105010401202003
030105010402202003
030105011201202003
030105011202202003
030105012001202003
030105012002202003
030105013901202003
030105013902202003
030105014701202003
030105014702202003
030105015502202003
030106001003202003
030106002901202003
030106002902202003
030106003701202003
030106003702202003
030106004501202003
030106004502202003
030106005301202003
030106005302202003
030106006101202003
030106006102202003
030106007003202003
030106008803202003
030106009601202003
030106009602202003
030106010001202003
030106010002202003
030106011801202003
030106011802202003
030107001606202003
030107002402202003
030107003206202003
030107004002202003
030107005902202003
030107006702202003
030107007502202003
030107008301202003
030107008302202003
030107009101202003
030107009102202003
030107010502202003
030107011302202003
030107012102202003
030107013002202003
030107014802202003
030107015602202003
030107016402202003
030107017206202003
030107018006202003
030107019906202003
030107020202202003
030108001101202003
030108001102202003
030108002009202003
030108003809202003
030108004609202003
030108014301202003
030108014302202003
030108015101202003
030108015102202003
030108016001202003
030108017801202003
030108017802202003
030108019409202003
030108020809202003
030108021609202003
030108022409202003
030108023202202003
030108024009202003
030108025901202003
030108026701202003
030108027509202003
030108028309202003
030108029109202003
030108030501202003
030108031301202003
030108031302202003
030108032101202003
030108032102202003
030108033001202003
030108034809202003
030108035609202003
030108036409202003
030108037209202003
030108038009202003
030108039901202003
030109001703202003
030109002503202003
030109003302202003
030110001201202003
030110001202202003
030110002001202003
030110002002202003
030110003901202003
030110003902202003
030110004701202003
030110004702202003
030110004705202003
030110005501202003
030110005502202003
030110005505202003
030110006302202003
030110006305202003
030110007102202003
030110007105202003
030110008005202003
030110009802202003
030110009805202003
030110010101202003
030110010102202003
030110010105202003
030110011005202003
030110012801202003
030110012802202003
030110012805202003
030110013601202003
030110013602202003
030110014401202003
030110014402202003
030110014405202003
030110015201202003
030110015202202003
030110017901202003
030110017902202003
030110017905202003
030110018701202003
030110018702202003
030111001806202003
030111002606202003
030112001302202003
030112002102202003
030112003002202003
030112004802202003
030112005606202003
030112006402202003
030112007202202003
030112008006202003
030113001902202003
030113003502202003
030113004302202003
030113005106202003
030113006006202003
030114001402202003
030201001702202003
030201001704202003
030201002502202003
030201002504202003
030201003304202003
030202001202202003
030202001204202003
030202002002202003
030202002004202003
030202003902202003
030202003904202003
030203001802202003
030203001804202003
030203002602202003
030203002604202003
030204001302202003
030204001304202003
030204002102202003
