020101003801202109
020101012701202109
020101012709202109
020101013501202109
020101013509202109
020101014301202109
020101014307202109
020101014309202109
020101016001202109
020101016009202109
020101020801202109
020101020809202109
020101024001202109
020101024007202109
020101024009202109
020101025901202109
020101026701202109
020101026707202109
020101026709202109
020101027503202109
020101027507202109
020101027509202109
020101030501202109
020101030507202109
020101030509202109
020101031301202109
020101031307202109
020101031309202109
020101032101202109
020101032107202109
020101032109202109
020101033001202109
020101033007202109
020101033009202109
020101040201202109
020101040207202109
020101040209202109
020101053401202109
020101053409202109
020101055001202109
020101055009202109
020904003301202109
020904003307202109
020904003309202109
020904005001202109
020904005007202109
020904005009202109
021105009101202109
021105010503202109
021105010507202109
021105010509202109
021105014801202109
030106001003202109
030106001007202109
030106007001202109
030106007003202109
030106007007202109
030106007009202109
030106008803202109
030109001703202109
030109001709202109
030109001713202109
030109002503202109
030109002509202109
030109002513202109
030301001003202109
030301001007202109
030301002903202109
030301002907202109
030301003703202109
030301003707202109
030301004503202109
030301004507202109
030301005303202109
030301005307202109
030301006103202109
030301006107202109
030301007003202109
030301007007202109
030301008803202109
030301008807202109
030301009603202109
030301009607202109
030301010003202109
030301010007202109
030301011803202109
030301011807202109
030301012603202109
030301012607202109
030301013403202109
030301013407202109
030301014203202109
030301014207202109
030301015003202109
030301015007202109
030301016903202109
030301016907202109
030301017703202109
030301017707202109
030301018503202109
030301018507202109
030301019303202109
030301019307202109
030301020703202109
030301020707202109
030301021503202109
030301021506202109
030301021507202109
030301022303202109
030301022307202109
030301022317202109
030302003203202109
030302003207202109
030302004003202109
030302004007202109
030302005903202109
030302005907202109
030302006703202109
030302006707202109
030302007503202109
030302007507202109
030302008303202109
030302008307202109
030303001107202109
030303001111202109
030303002003202109
030303002007202109
030303003803202109
030303003807202109
030303004603202109
030303004607202109
030303005403202109
030303005407202109
030303006203202109
030303006207202109
030304001703202109
030304001707202109
030304002503202109
030304002507202109
030304003303202109
030304003307202109
030304004103202109
030304004107202109
030304005003202109
030304005007202109
030304006803202109
030304006807202109
030304007603202109
030304007607202109
030304008401202109
030304008403202109
030304008407202109
030304009201202109
030304009203202109
030304009207202109
030304010603202109
030304010607202109
030304011401202109
030304011403202109
030304011407202109
030304012201202109
030304012203202109
030304012207202109
030304013003202109
030304013007202109
030304014903202109
030304014907202109
030304015703202109
030304015707202109
030304016503202109
030304016507202109
030304017303202109
030304017307202109
030304018103202109
030304019003202109
030304019007202109
030304020303202109
030304020307202109
030304021103202109
030304021107202109
030304022003202109
030304022007202109
030304023803202109
030304023807202109
030304024603202109
030304024607202109
030304025403202109
030304025407202109
030304026203202109
030304026207202109
030304027003202109
030304027007202109
030304028903202109
030304029703202109
030304029707202109
030304030003202109
030305013603202109
030305013607202109
030305014403202109
030305014407202109
030306001803202109
030306001807202109
030306002603202109
030306002607202109
030306003403202109
030306003407202109
030306004203202109
030306004207202109
030306005003202109
030306005007202109
030306006903202109
030306006907202109
030306007703202109
030306007707202109
030306008503202109
030306008507202109
030306009303202109
030306009307202109
030306010703202109
030306010707202109
030306011503202109
030306011507202109
030306012303202109
030306012307202109
030306013103202109
030306013107202109
030306014003202109
030306014007202109
030306015803202109
030306015807202109
030306016603202109
030306016607202109
030306017403202109
030306017407202109
030306018203202109
030306018207202109
030306019003202109
030306019007202109
030306020403202109
030306020407202109
030306021203202109
030306021207202109
030306022001202109
030306022003202109
030306022007202109
030306023903202109
030306023907202109
030306024703202109
030306024707202109
030306025503202109
030306025507202109
030306026303202109
030306026307202109
030306027103202109
030306027107202109
030306028003202109
030306028007202109
030306029803202109
030306029807202109
030306030103202109
030306030107202109
030307006403202109
030307006407202109
030307007203202109
030307007207202109
030307008003202109
030307008007202109
030307009903202109
030307009907202109
030307010203202109
030307010207202109
030307011003202109
030307011007202109
030307012903202109
030307012907202109
030307013701202109
030308004303202109
030308004307202109
030308005103202109
030308005107202109
030308006003202109
030308006007202109
030308007803202109
030308007807202109
030308008603202109
030308008607202109
030308009403202109
030308009407202109
030309013803202109
030309013807202109
030309013809202109
030309019703202109
030309019707202109
030309019709202109
030309023503202109
030309023507202109
030309023509202109
030309031603202109
030309031607202109
030310001002202109
030310001003202109
030310001007202109
030310002802202109
030310002803202109
030310002807202109
030310003602202109
030310003603202109
030310003607202109
030310004402202109
030310004403202109
030310004407202109
030310005202202109
030310005203202109
030310005207202109
030311001503202109
030311001507202109
030311002303202109
030311002307202109
030311003103202109
030311003107202109
030311004003202109
030311004007202109
030311005803202109
030311005807202109
030311006603202109
030311006607202109
030311007403202109
030311007407202109
030311008203202109
030311008207202109
030311009003202109
030311009007202109
030311010403202109
030311010407202109
030311011203202109
030311011207202109
030313001604202109
030313002404202109
030313003204202109
030313004004202109
030313005904202109
030313006704202109
030313007504202109
030313008304202109
030314002003202109
030314002007202109
030314003803202109
030314003807202109
030314004603202109
030314004607202109
030314005403202109
030314005407202109
030314006203202109
030314006207202109
030314007003202109
030314007007202109
030314008903202109
030314008907202109
030314009703202109
030314009707202109
030314010003202109
030314010007202109
030314011903202109
030314011907202109
030314012703202109
030314012707202109
030314013503202109
030314013507202109
030314014303202109
030314014307202109
030314015103202109
030314015107202109
030315001703202109
030315001707202109
030315002503202109
030315002507202109
030315003303202109
030315003307202109
030315004103202109
030315004107202109
030315005003202109
030315005007202109
030315006803202109
030315006807202109
030316001207202109
030316002007202109
030316003907202109
030316004707202109
030316005507202109
030316006307202109
030316007107202109
030317009305202109
030317009307202109
030317010707202109
030317010714202109
030317013102202109
030317013103202109
030317013105202109
030317013107202109
030317013187202109
030317014002202109
030317014003202109
030317014005202109
030317014007202109
030317014087202109
030317015802202109
030317015803202109
030317015805202109
030317015807202109
030317015887202109
030317016602202109
030317016603202109
030317016605202109
030317016607202109
030317016687202109
030317017402202109
030317017403202109
030317017405202109
030317017407202109
030317017487202109
030317018202202109
030317018203202109
030317018205202109
030317018207202109
030317018287202109
030317019005202109
030317019007202109
030317020405202109
030317020407202109
030318001303202109
030318001307202109
030318003003202109
030318003007202109
030318004803202109
030318004807202109
030318005603202109
030318005607202109
030318006403202109
030318006407202109
030318007207202109
030318007210202109
030319001903202109
030319001907202109
030319001908202109
030401011103202109
030401011107202109
030401035903202109
030401035907202109
030401049903202109
030401049907202109
030401059603202109
030401059607202109
030408002003202109
030408002007202109
030408003903202109
030408003907202109
030408003909202109
030408004703202109
030408006303202109
030409001803202109
030409001807202109
030409002603202109
030409002607202109
030409003403202109
030409003407202109
030409004203202109
030409004207202109
030410001303202109
030410001307202109
030410001309202109
030410002103202109
030410002107202109
030501017403202109
030501017407202109
030502001303202109
030502001307202109
030502002103202109
030502002107202109
030502003003202109
030502003007202109
030502004803202109
030502004807202109
030502005603202109
030502005607202109
030701005801202109
030701005803202109
030701005807202109
030701005809202109
030702003701202109
030702003703202109
030702003707202109
030702003709202109
030702004501202109
030702004503202109
030702004507202109
030702004509202109
030702005301202109
030702005303202109
030702005307202109
030702005309202109
030702006101202109
030702006103202109
030702006107202109
030702006109202109
030702008801202109
030702008803202109
030702008807202109
030702008809202109
030702009601202109
030702009603202109
030702009607202109
030702009609202109
030702010001202109
030702010003202109
030702010007202109
030702010009202109
030702011801202109
030702011803202109
030702011807202109
030702011809202109
030703003201202109
030703003203202109
030703003207202109
030703003209202109
030704001101202109
030704001103202109
030704001107202109
030704001109202109
030704006201202109
030704006203202109
030704006207202109
030704006209202109
030704008901202109
030704008903202109
030704008907202109
030704008909202109
030801001901202109
030801001903202109
030801001907202109
030801002703202109
030801002707202109
030801003501202109
030801003503202109
030801003507202109
030801004301202109
030801004303202109
030801004307202109
030802002203202109
030802002207202109
030802003003202109
030802003007202109
030803001003202109
030803001007202109
030803002803202109
030803002807202109
030803003601202109
030803003603202109
030803003607202109
030803003683202109
030804001501202109
030804001503202109
030804001507202109
030804002303202109
030804002307202109
030901003901202109
030901003903202109
030901003907202109
031001003901202109
031001003902202109
031001003903202109
031001004701202109
031001004702202109
031001004703202109
031001005502202109
040102001001202109
040102001007202109
040102001009202109
040102002901202109
040102002907202109
040102002909202109
040102003701202109
040102003707202109
040102003709202109
040102004501202109
040102004507202109
040102004509202109
040102005301202109
040102005307202109
040102005309202109
040102006101202109
040102006107202109
040102006109202109
040102007001202109
040102007007202109
040102007009202109
040102008801202109
040102008807202109
040102008809202109
040102009601202109
040102009607202109
040102009609202109
040102010001202109
040102010007202109
040102010009202109
040102011801202109
040102011807202109
040102011809202109
040102012601202109
040102012607202109
040102012609202109
040102013401202109
040102013409202109
040102014201202109
040102014207202109
040102014209202109
040102015001202109
040102015007202109
040102015009202109
040102016901202109
040102016907202109
040102016909202109
040201001901202109
040201001907202109
040201002701202109
040201002707202109
040201003501202109
040201003507202109
040201003509202109
040201004301202109
040201004307202109
040201004309202109
040201005101202109
040201005107202109
040202001401202109
040202001407202109
040202002201202109
040202002207202109
040301001201202109
040301001207202109
040301002001202109
040301002007202109
040301003901202109
040301003907202109
040301004701202109
040301004707202109
040301005501202109
040301005507202109
040301006301202109
040301006307202109
040301007101202109
040301007107202109
040301008001202109
040301008007202109
040301008009202109
040301009801202109
040301009807202109
040301010101202109
040301010107202109
040301011001202109
040301011007202109
040301012801202109
040301012807202109
040301013601202109
040301013607202109
040301014401202109
040301014407202109
040301015201202109
040301015207202109
040301016001202109
040301016007202109
040301017901202109
040301017907202109
040301018701202109
040301018707202109
040301019501202109
040301019507202109
040301020901202109
040301020907202109
040301021701202109
040301021707202109
040301022501202109
040301022507202109
040301023301202109
040301023307202109
040301024101202109
040301024107202109
040301025001202109
040301025007202109
040301026801202109
040301026807202109
040301027601202109
040301027607202109
040301028401202109
040301028407202109
040301029201202109
040301029207202109
040301030601202109
040301030607202109
040301031401202109
040301031407202109
040301032201202109
040301032207202109
040301033001202109
040301033007202109
040301034901202109
040301034907202109
040301035701202109
040301035707202109
040301036501202109
040301036507202109
040301039001202109
040301039003202109
040301039007202109
040302001801202109
040302001807202109
040302002601202109
040302002607202109
040302003401202109
040302003407202109
040302004201202109
040302004207202109
040302005001202109
040302005007202109
040302006901202109
040302006907202109
040302007701202109
040302007707202109
040302007709202109
040302008501202109
040302008507202109
040302008509202109
040302009301202109
040302009307202109
040302009309202109
040302010701202109
040302010707202109
040302011501202109
040302011507202109
040302012301202109
040302012307202109
040302012309202109
040302013101202109
040302013107202109
040303001301202109
040303001307202109
040303002101202109
040303002107202109
040303003001202109
040303003007202109
040303004801202109
040303004807202109
040303005601202109
040303005607202109
040303006401202109
040303006407202109
040303008001202109
040303008007202109
040303009901202109
040303009907202109
040303010201202109
040303010207202109
040303011001202109
040303011007202109
040303012901202109
040303012907202109
040303013701202109
040303013707202109
040303014501202109
040303014507202109
040303015301202109
040303015307202109
040303016101202109
040303016107202109
040304001901202109
040304001907202109
040304002701202109
040304002707202109
040304005101202109
040304005107202109
040304006001202109
040304006007202109
040304007801202109
040304007807202109
040304008601202109
040304008607202109
040304009401202109
040304009407202109
040304010801202109
040304010807202109
040304011601202109
040304011607202109
040304012401202109
040304012407202109
040305003001202109
040305003003202109
040305003007202109
040305004901202109
040305004907202109
040305005701202109
040305006501202109
040305006507202109
040305007301202109
040305007307202109
040305009001202109
040305009007202109
040305009009202109
040305010301202109
040305010307202109
040305010309202109
040305011101202109
040305011107202109
040305012001202109
040305012007202109
040305013801202109
040305013807202109
040305014601202109
040305014607202109
040305015401202109
040305015407202109
040305016201202109
040306001001202109
040306001007202109
040306002801202109
040306002807202109
040306003601202109
040306003607202109
040306004401202109
040306004407202109
040306005201202109
040306005207202109
040306006001202109
040306006007202109
040306007901202109
040306007907202109
040306008701202109
040306008707202109
040306009501202109
040306009507202109
040307001501202109
040307004001202109
040307004007202109
040307005801202109
040307005807202109
040307008201202109
040307009001202109
040307010401202109
040307011201202109
040307012001202109
040307013901202109
040307013907202109
040307014701202109
040307014707202109
040307015501202109
040307015507202109
040307016301202109
040307016307202109
040308001001202109
040308002901202109
040308003701202109
040308004501202109
040308005301202109
040308005307202109
040308006101202109
040308007001202109
040308007007202109
040308008801202109
040308008807202109
040308009601202109
040308009607202109
040308010001202109
040401001601202109
040401001605202109
040401001609202109
040401002401202109
040401002407202109
040401002409202109
040401003201202109
040401003207202109
040401003209202109
040401004001202109
040401004007202109
040401004009202109
040401005901202109
040401005907202109
040401005909202109
040401006701202109
040401006707202109
040401006709202109
040401008301202109
040401008307202109
040401008309202109
040401010501202109
040401010507202109
040401010509202109
040401011301202109
040401011307202109
040401011309202109
040401012101202109
040401012107202109
040401012109202109
040401013001202109
040401013007202109
040401013009202109
040401014801202109
040401014807202109
040401014809202109
040401016401202109
040401016407202109
040401016409202109
040401017201202109
040401017207202109
040401018001202109
040401018007202109
040401019901202109
040401019907202109
040401020201202109
040401020207202109
040401021001202109
040401021007202109
040401021009202109
040401022901202109
040401022907202109
040401022909202109
040401023701202109
040401023707202109
040401023709202109
040401028801202109
040401028807202109
040401028809202109
040401031801202109
040401031807202109
040401031809202109
040401032601202109
040401032607202109
040401032609202109
040401033401202109
040401033407202109
040401033409202109
040401035001202109
040401035007202109
040401035009202109
040401037701202109
040401037707202109
040401037709202109
040401038501202109
040401038507202109
040401038509202109
040401040701202109
040401040707202109
040401040709202109
040401041501202109
040401041507202109
040401041509202109
040401043101202109
040401043107202109
040401045801202109
040401045807202109
040401046601202109
040401046607202109
040401046609202109
040401047401202109
040401047407202109
040401047409202109
040401048201202109
040401048207202109
040401048209202109
040401049001202109
040401049007202109
040401049009202109
040401050401202109
040401050407202109
040401050409202109
040401051201202109
040401051207202109
040401051209202109
040401052001202109
040401052007202109
040401052009202109
040401053901202109
040401053907202109
040401053909202109
040401054701202109
040401054707202109
040401055501202109
040401055507202109
040401055509202109
040401056301202109
040401056309202109
040401057101202109
040401057107202109
040401058001202109
040401058007202109
040401059801202109
040401059807202109
040401060101202109
040401060107202109
040401061001202109
040401061007202109
040401062801202109
040401062807202109
040401063601202109
040401063607202109
040401064401202109
040401064407202109
040401065201202109
040401065207202109
040402001101202109
040402001107202109
040402001109202109
040402003801202109
040402003807202109
040402003809202109
040402004601202109
040402004607202109
040402004609202109
040402006201202109
040402006207202109
040402007001202109
040402007007202109
040402007009202109
040402008901202109
040402008907202109
040402008909202109
040402010001202109
040402010003202109
040402010007202109
040402010009202109
040402011901202109
040402011907202109
040402011909202109
040402013501202109
040402013507202109
040402014301202109
040402014307202109
040402014309202109
040402017801202109
040402017807202109
040402020801202109
040402020807202109
040402020809202109
040402022401202109
040402022407202109
040402023201202109
040402023207202109
040402023209202109
040402024001202109
040402024007202109
040402024009202109
040402027501202109
040402027507202109
040402029101202109
040402029107202109
040402031301202109
040402031307202109
040402031309202109
040402032101202109
040402032107202109
040402032109202109
040402034801202109
040402034807202109
040402034809202109
040402035601202109
040402035607202109
040402035609202109
040402038001202109
040402038007202109
040402039901202109
040402039907202109
040402039909202109
040402042901202109
040402042907202109
040402042909202109
040402045301202109
040402045307202109
040402045309202109
040402046101202109
040402046107202109
040402046109202109
040402047001202109
040402047007202109
040402047009202109
040402048801202109
040402048807202109
040402048809202109
040402049601202109
040402049607202109
040402050001202109
040402050007202109
040402051801202109
040402051807202109
040402051809202109
040402052601202109
040402052607202109
040402053401202109
040402053407202109
040402054201202109
040402054207202109
040402054209202109
040402055001202109
040402055007202109
040402056901202109
040402056907202109
040402056909202109
040402057701202109
040402057707202109
040402057709202109
040402058501202109
040402058507202109
040402059301202109
040402059307202109
040402060701202109
040402060707202109
040402064001202109
040402064007202109
040402064009202109
040402065801202109
040402065807202109
040402065809202109
040402066601202109
040402066607202109
040402066609202109
040402069001202109
040402069007202109
040402070401202109
040402070407202109
040402071201202109
040402071207202109
040402071209202109
040402072001202109
040402072007202109
040402073901202109
040402073907202109
040402077101202109
040402077107202109
040402077109202109
040402078001202109
040402078007202109
040403001701202109
040403001707202109
040403001709202109
040403003301202109
040403003307202109
040403004101202109
040403004107202109
040403004109202109
040403005001202109
040403005007202109
040403005009202109
040403006801202109
040403006807202109
040403006809202109
040403007601202109
040403007607202109
040403007609202109
040403008401202109
040403008407202109
040403008409202109
040403010601202109
040403010607202109
040403010609202109
040403012201202109
040403012207202109
040403012209202109
040403013001202109
040403013007202109
040403013009202109
040403015701202109
040403015707202109
040403015709202109
040403016501202109
040403016507202109
040403016509202109
040403017301202109
040403017307202109
040403017309202109
040403019001202109
040403019007202109
040403019009202109
040403022001202109
040403022007202109
040403022009202109
040403024601202109
040403024607202109
040403024609202109
040403025401202109
040403025407202109
040403025409202109
040403026201202109
040403026207202109
040403026209202109
040403027001202109
040403027007202109
040403027009202109
040403028901202109
040403028907202109
040403029701202109
040403029707202109
040403030001202109
040403030007202109
040403031901202109
040403031907202109
040403031909202109
040403032701202109
040403032707202109
040501001001202109
040501001007202109
040501001009202109
040501002801202109
040501002807202109
040501002809202109
040501003601202109
040501003607202109
040501003609202109
040501007901202109
040501007907202109
040501007909202109
040501008701202109
040501008707202109
040501008709202109
040501011701202109
040501011707202109
040501011709202109
040501012501202109
040501012507202109
040501012509202109
040501013301202109
040501013307202109
040501013309202109
040501015001202109
040501015007202109
040501015009202109
040501017601202109
040501017607202109
040501017609202109
040502001501202109
040502001507202109
040502001509202109
040502002301202109
040502002307202109
040502002309202109
040503001001202109
040503001007202109
040503001009202109
040503002901202109
040503002907202109
040503002909202109
040503007001202109
040503007007202109
040503007009202109
040503009601202109
040503009607202109
040503009609202109
040503011801202109
040503011807202109
040503011809202109
040503013401202109
040503013407202109
040503013409202109
040503014201202109
040503014207202109
040503014209202109
040503016901202109
040503016907202109
040503016909202109
040503017701202109
040503017707202109
040503017709202109
040503018501202109
040503018507202109
040503019301202109
040503019307202109
040503020701202109
040503020707202109
040503020709202109
040504001601202109
040504001607202109
040504001609202109
040504002401202109
040504002407202109
040504002409202109
040504004001202109
040504004007202109
040504004009202109
040504005901202109
040504005907202109
040504005909202109
040504006701202109
040504006707202109
040504006709202109
040504007501202109
040504007507202109
040504007509202109
040504008301202109
040504008307202109
040504008309202109
040504009101202109
040504009107202109
040504009109202109
040504010501202109
040504010507202109
040504010509202109
040504014801202109
040504014807202109
040504014809202109
040504015601202109
040504015607202109
040504015609202109
040504016401202109
040504016407202109
040504016409202109
040504018001202109
040504018007202109
040504020201202109
040504020207202109
040504020209202109
040504021001202109
040504021007202109
040504021009202109
040505001101202109
040505001107202109
040505001109202109
040505004601202109
040505004607202109
040505004609202109
040505005401202109
040505005407202109
040505005409202109
040505009701202109
040505009707202109
040505009709202109
040505010001202109
040505010007202109
040505010009202109
040505011901202109
040505011907202109
040505011909202109
040505013501202109
040505013507202109
040505013509202109
040505014301202109
040505014307202109
040505014309202109
040505015101202109
040505015107202109
040505015109202109
040505018601202109
040505018607202109
040505018609202109
040505021601202109
040505021607202109
040505021609202109
040505022401202109
040505022407202109
040505022409202109
040505023201202109
040505023207202109
040505023209202109
040505031301202109
040505031307202109
040505031309202109
040505032101202109
040505032107202109
040505032109202109
040505035601202109
040505035607202109
040505035609202109
040505037201202109
040505037207202109
040505037209202109
040505038001202109
040505038007202109
040505038009202109
040505039901202109
040505039907202109
040505039909202109
040505040201202109
040505040209202109
040601001301202109
040601001307202109
040601002101202109
040601003001202109
040601004801202109
040601005601202109
040601006401202109
040601007201202109
040601007207202109
040601008001202109
040601009901202109
040601010201202109
040601010207202109
040601011001202109
040601011007202109
040601013701202109
040601013707202109
040601015301202109
040601015307202109
040601016101202109
040601017001202109
040601017007202109
040601018801202109
040601019601202109
040601019607202109
040601020001202109
040601020007202109
040601021801202109
040601021807202109
040601022601202109
040601022607202109
040601023401202109
040601024201202109
040601025001202109
040601025007202109
040601026901202109
040601026907202109
040601027701202109
040601027707202109
040601028501202109
040601028507202109
040601029301202109
040601030701202109
040601031501202109
040601032301202109
040601033101202109
040601033107202109
040601034001202109
040601035801202109
040601036601202109
040601036607202109
040601037401202109
040601037407202109
040601038201202109
040601039001202109
040601039007202109
040601040401202109
040601041201202109
040601041207202109
040601042001202109
040601042007202109
040601043901202109
040601044701202109
040601044707202109
040601045501202109
040601046301202109
040601046307202109
040601047101202109
040601047107202109
040601048001202109
040601049801202109
040601049807202109
040601050101202109
040601051001202109
040601051007202109
040601052801202109
040601052807202109
040601053601202109
040601054401202109
040601055201202109
040601056001202109
040601056007202109
040601056009202109
040601057901202109
040601058701202109
040601058709202109
040601059501202109
040601060901202109
040601061701202109
040601062501202109
040601063301202109
040601063309202109
040601064101202109
040601064107202109
040601064109202109
040601065001202109
040601065009202109
040601066801202109
040601066807202109
040601066809202109
040601067601202109
040601067607202109
040601067609202109
040601068401202109
040601068407202109
040601068409202109
040601069201202109
040601069207202109
040601070601202109
040601071401202109
040601071407202109
040601071409202109
040601073001202109
040601075701202109
040601075707202109
040601076501202109
040601076507202109
040601077301202109
040601077307202109
040601078101202109
040601078107202109
040601079001202109
040601079009202109
040601080301202109
040601080307202109
040601081101202109
040601082001202109
040601082007202109
040601083801202109
040601084601202109
040601085401202109
040601085409202109
040601086201202109
040601086209202109
040601087001202109
040601087009202109
040601088901202109
040601089701202109
040601090001202109
040601090007202109
040601091901202109
040601091907202109
040601091909202109
040601092701202109
040601093501202109
040601094301202109
040601095101202109
040601096001202109
040601096003202109
040601096007202109
040601097801202109
040601097803202109
040601097807202109
040601098601202109
040601099401202109
040601100101202109
040601100109202109
040601101001202109
040601101009202109
040601102801202109
040601102809202109
040601103601202109
040601103609202109
040601104401202109
040601104407202109
040601104409202109
040601105201202109
040601105209202109
040601107901202109
040601108701202109
040601108709202109
040601109501202109
040601109509202109
040601110901202109
040601110909202109
040601111701202109
040601111709202109
040601112501202109
040601112509202109
040601113301202109
040601113307202109
040601113309202109
040601114101202109
040601114109202109
040601115001202109
040601115007202109
040601115009202109
040601116801202109
040601116809202109
040601117601202109
040601117609202109
040601118401202109
040601118409202109
040601119201202109
040601119209202109
040601120601202109
040601121401202109
040601121407202109
040601122201202109
040601122207202109
040601123001202109
040601124901202109
040601125701202109
040601126501202109
040601126507202109
040601127301202109
040601127307202109
040601128101202109
040601128107202109
040601129001202109
040601129007202109
040601130301202109
040601130307202109
040601131101202109
040601131107202109
040601132001202109
040601132007202109
040601133801202109
040601133807202109
040601134601202109
040601134607202109
040601135401202109
040601135407202109
040601136201202109
040601136207202109
040601137001202109
040601137007202109
040601138901202109
040601138907202109
040601139701202109
040601139707202109
040601140001202109
040601140007202109
040601141901202109
040601141907202109
040601142701202109
040601142707202109
040601143501202109
040601143507202109
040601144301202109
040601144307202109
040601145101202109
040601145107202109
040601146001202109
040601146007202109
040601147801202109
040601147807202109
040601148601202109
040601148607202109
040601149401202109
040601149407202109
040601150801202109
040601150807202109
040601151601202109
040601151607202109
040602001901202109
040602001907202109
040602002701202109
040602002707202109
040602003501202109
040602003507202109
040602004301202109
040602004307202109
040602005101202109
040602005107202109
040602007801202109
040602007807202109
040602007809202109
040602010801202109
040602011601202109
040602011607202109
040602011609202109
040602012401202109
040602012407202109
040602015901202109
040602015907202109
040602015909202109
040602016701202109
040602016707202109
040602016709202109
040602019101202109
040602019107202109
040602021301202109
040602022101202109
040602023001202109
040602024801202109
040602024807202109
040602025601202109
040602025607202109
040602026401202109
040602026407202109
040602027201202109
040602027207202109
040602028001202109
040602028007202109
040602030201202109
040602030207202109
040602031001202109
040602031007202109
040602032901202109
040602032907202109
040602033701202109
040602033707202109
040602034501202109
040602034507202109
040602035301202109
040602035307202109
040602036101202109
040602036107202109
040602037001202109
040602037007202109
040602038801202109
040602038807202109
040602039601202109
040602039607202109
040602040001202109
040602040007202109
040602041801202109
040602041807202109
040602042601202109
040602042607202109
040602043401202109
040602043407202109
040602044201202109
040602044207202109
040602045001202109
040602046901202109
040602046907202109
040602047701202109
040602047707202109
040602048501202109
040602048507202109
040602049301202109
040602049307202109
040602050701202109
040602050707202109
040602051501202109
040602051507202109
040602052301202109
040602053101202109
040602053107202109
040602054001202109
040602054007202109
040602055801202109
040602055807202109
040602056601202109
040602056607202109
040602056609202109
040602057401202109
040602057407202109
040602057409202109
040602058201202109
040602058207202109
040602059001202109
040602059007202109
040602060401202109
040602060407202109
040602060409202109
040602062001202109
040602062003202109
040602062007202109
040602062009202109
040603001401202109
040603002201202109
040603003001202109
040603004901202109
040603005701202109
040603005707202109
040603006501202109
040603007301202109
040603008101202109
040603008107202109
040603009001202109
040603009007202109
040603010301202109
040603010307202109
040603011101202109
040603011107202109
040603012001202109
040603012007202109
040603013801202109
040603013807202109
040603014601202109
040603014607202109
040603015401202109
040603015407202109
040604001001202109
040604001007202109
040604002801202109
040604002807202109
040604004401202109
040604004407202109
040604005201202109
040604005207202109
040604006001202109
040604006007202109
040604007901202109
040604007907202109
040604008701202109
040604009501202109
040604010901202109
040604010907202109
040604011701202109
040604011707202109
040604012501202109
040604012507202109
040604013301202109
040604014101202109
040604014107202109
040604015001202109
040604016801202109
040604017601202109
040604018401202109
040604019201202109
040604019207202109
040604020601202109
040604020607202109
040604020609202109
040604021401202109
040604021407202109
040604022201202109
040604022207202109
040604023001202109
040604023007202109
040604024901202109
040604024907202109
040604025701202109
040604025707202109
040604025709202109
040604026501202109
040604026507202109
040604027301202109
040604027307202109
040604027309202109
040604028101202109
040604029001202109
040604029007202109
040604029009202109
040604030301202109
040604030307202109
040604030309202109
040604031101202109
040604031107202109
040604031109202109
040604032001202109
040604032007202109
040604033801202109
040604033807202109
040605001501202109
040605001507202109
040605001509202109
040605002301202109
040605002307202109
040605002309202109
040605003101202109
040605003107202109
040605003109202109
040605004001202109
040605004007202109
040605004009202109
040605005801202109
040605005807202109
040605005809202109
040605006601202109
040605006607202109
040605006609202109
040605007401202109
040605007407202109
040605007409202109
040605008201202109
040605008207202109
040605008209202109
040605009001202109
040605009007202109
040605010401202109
040605010407202109
040605011201202109
040605012001202109
040605012007202109
040605012009202109
040605013901202109
040605013907202109
040605013909202109
040701001701202109
040701001707202109
040701003301202109
040701003307202109
040701004101202109
040701005001202109
040701005007202109
040701006801202109
040701006807202109
040701007601202109
040701008401202109
040701008407202109
040701009201202109
040701009207202109
040701010601202109
040701010607202109
040701011401202109
040701011407202109
040701012201202109
040701013001202109
040701014901202109
040701015701202109
040701015707202109
040701016501202109
040701016507202109
040701017301202109
040701018101202109
040701019001202109
040701019007202109
040701020301202109
040701020307202109
040701021101202109
040701021107202109
040701021109202109
040701022001202109
040701022007202109
040701022009202109
040701023801202109
040701023807202109
040701027001202109
040701027007202109
040701028901202109
040701029701202109
040701029707202109
040701030001202109
040701033501202109
040701033507202109
040701034301202109
040701034307202109
040701035101202109
040701035107202109
040701036001202109
040701037801202109
040701038601202109
040702001201202109
040702002001202109
040702003901202109
040702003907202109
040702004701202109
040702004707202109
040702006301202109
040702006307202109
040702007101202109
040702007107202109
040702008001202109
040702008007202109
040702009801202109
040702009807202109
040702010101202109
040702010107202109
040702011001202109
040702011007202109
040702011009202109
040702013601202109
040702013607202109
040702013609202109
040702014401202109
040702014407202109
040702014409202109
040702015201202109
040702015207202109
040702017901202109
040702017907202109
040702018701202109
040702018707202109
040702019501202109
040702019507202109
040702020901202109
040702020907202109
040702021701202109
040702021709202109
040702022501202109
040702022507202109
040702022509202109
040702023301202109
040702023307202109
040702024101202109
040702024107202109
040702025001202109
040702025007202109
040702026801202109
040702026807202109
040702026809202109
040702027601202109
040702027607202109
040702027609202109
040702028401202109
040702028407202109
040702028409202109
040702029201202109
040702029207202109
040702030601202109
040702030607202109
040702032201202109
040702032207202109
040702032209202109
040702033001202109
040702034901202109
040702035701202109
040702036501202109
040702036507202109
040702038101202109
040702038107202109
040702040301202109
040702040307202109
040702041101202109
040702041107202109
040702042001202109
040702042007202109
040702043801202109
040702043807202109
040702044601202109
040702044607202109
040702045401202109
040702045407202109
040702045409202109
040702046201202109
040702046207202109
040702047001202109
040702047007202109
040702047009202109
040703001801202109
040703001807202109
040703002601202109
040703002607202109
040703003401202109
040703003407202109
040703003409202109
040703004201202109
040703004207202109
040703005001202109
040703005007202109
040703006901202109
040703006907202109
040703007701202109
040703007707202109
040703007709202109
040703012301202109
040703012307202109
040703013101202109
040703013107202109
040703014001202109
040703014007202109
040703015801202109
040703015807202109
040703016601202109
040703016607202109
040703017401202109
040703017407202109
040703018201202109
040703018207202109
040703019001202109
040703019007202109
040703020401202109
040703021201202109
040703022001202109
040703024701202109
040703025501202109
040703025507202109
040704001301202109
040704001307202109
040704002101202109
040704002107202109
040704003001202109
040704003007202109
040704004801202109
040704004807202109
040704005601202109
040704005607202109
040704006401202109
040704006407202109
040704006409202109
040704007201202109
040704007207202109
040704007209202109
040704008001202109
040704008007202109
040704008009202109
040704009901202109
040704009907202109
040704009909202109
040704010201202109
040704010207202109
040704010209202109
040704011001202109
040704011007202109
040704011009202109
040704012901202109
040704012907202109
040704012909202109
040704013701202109
040704013707202109
040704013709202109
040704014501202109
040704014507202109
040704014509202109
040704015301202109
040704015307202109
040704015309202109
040704016101202109
040704016107202109
040704017001202109
040704017007202109
040704017009202109
040704018801202109
040704018807202109
040704020001202109
040704020007202109
040704022601202109
040704022607202109
040704022609202109
040704023401202109
040704023407202109
040704024201202109
040704024207202109
040704025001202109
040704025007202109
040704026901202109
040704026907202109
040801001001202109
040801001007202109
040801002901202109
040801002907202109
040801003701202109
040801003707202109
040801004501202109
040801005301202109
040801006101202109
040801007001202109
040801007007202109
040801008801202109
040801008807202109
040801009601202109
040801009607202109
040801009609202109
040801010001202109
040801010007202109
040801010009202109
040801011801202109
040801011807202109
040801011809202109
040801013401202109
040801013407202109
040801013409202109
040801014201202109
040801014207202109
040801014209202109
040801015001202109
040801015007202109
040801015009202109
040801016901202109
040801016907202109
040801017701202109
040801017707202109
040801018501202109
040801018507202109
040801018509202109
040801019301202109
040801019307202109
040801020701202109
040801020707202109
040801020709202109
040801021501202109
040801021509202109
040801022301202109
040801022307202109
040801022309202109
040801023101202109
040801023109202109
040802001601202109
040802001607202109
040802002401202109
040802002407202109
040802003201202109
040802003207202109
040802004001202109
040802005901202109
040802006701202109
040802007501202109
040802008301202109
040802009101202109
040802010501202109
040802010507202109
040802010509202109
040802011301202109
040802011307202109
040802012101202109
040802012107202109
040802012109202109
040802013001202109
040802013007202109
040802014801202109
040802014807202109
040802014809202109
040802015601202109
040802015607202109
040802016401202109
040802016407202109
040802016409202109
040802017201202109
040802017207202109
040802017209202109
040802018001202109
040802018007202109
040802018009202109
040802019901202109
040802019907202109
040802019909202109
040802020201202109
040802020207202109
040802020209202109
040802021001202109
040802021007202109
040802022901202109
040802022907202109
040802022909202109
040802024501202109
040802024507202109
040802024509202109
040802025301202109
040802025307202109
040802026101202109
040802026107202109
040802027001202109
040802027007202109
040802028801202109
040802028807202109
040802029601202109
040802029607202109
040802029609202109
040802030001202109
040802030007202109
040802030009202109
040802031801202109
040802031807202109
040802031809202109
040802032601202109
040802032607202109
040802032609202109
040802033401202109
040802033407202109
040802034201202109
040802034207202109
040802034209202109
040802035001202109
040802035007202109
040802036901202109
040802036907202109
040802037701202109
040802037707202109
040802037709202109
040802038501202109
040802038507202109
040802039301202109
040802039307202109
040802040701202109
040802040707202109
040802041501202109
040802041507202109
040802042301202109
040802042307202109
040802043101202109
040802043107202109
040802044001202109
040802044007202109
040802044009202109
040802045801202109
040802045807202109
040802046601202109
040802046607202109
040802047401202109
040802047407202109
040802047409202109
040802048201202109
040802048207202109
040802048209202109
040802049001202109
040802049007202109
040802049009202109
040802050401202109
040802050407202109
040802050409202109
040802051201202109
040802051207202109
040802051209202109
040802052001202109
040802052007202109
040802052009202109
040802053901202109
040802053907202109
040802053909202109
040802054701202109
040802054707202109
040802055501202109
040802055507202109
040802055509202109
040802056301202109
040802056307202109
040802057101202109
040802057107202109
040802058001202109
040802058007202109
040802059801202109
040802059807202109
040802059809202109
040802060101202109
040802060107202109
040802060109202109
040802061001202109
040802061007202109
040802061009202109
040802062801202109
040802062807202109
040802062809202109
040802063601202109
040802063607202109
040802063609202109
040802064401202109
040802064407202109
040802064409202109
040803001101202109
040803001107202109
040803002001202109
040803002007202109
040803003801202109
040803003807202109
040803004601202109
040803005401202109
040803005407202109
040803006201202109
040803006207202109
040803007001202109
040803007007202109
040803008901202109
040803008907202109
040803009701202109
040803009707202109
040803010001202109
040803010007202109
040803011901202109
040803011907202109
040803012701202109
040803012707202109
040803013501202109
040803014301202109
040803015101202109
040803016001202109
040803017801202109
040803017807202109
040803018601202109
040803019401202109
040803020801202109
040803021601202109
040803022401202109
040803023201202109
040803023207202109
040803024001202109
040803024007202109
040803025901202109
040803025907202109
040803026701202109
040803026707202109
040803027501202109
040803027507202109
040803028301202109
040803028307202109
040803029101202109
040803029107202109
040803030501202109
040803030507202109
040803031301202109
040803031307202109
040803032101202109
040803032107202109
040803033001202109
040803033007202109
040803034801202109
040803034807202109
040803035601202109
040803036401202109
040803036407202109
040803037201202109
040803037207202109
040803038001202109
040803038007202109
040803039901202109
040803039907202109
040803040201202109
040803040207202109
040803041001202109
040803041007202109
040803042901202109
040803042907202109
040803043701202109
040803043707202109
040803044501202109
040803044507202109
040803045301202109
040803045307202109
040803046101202109
040803046107202109
040803047001202109
040803047007202109
040803050001202109
040803050007202109
040803051801202109
040803051807202109
040803052601202109
040803052607202109
040803053401202109
040803053407202109
040803054201202109
040803054207202109
040803055001202109
040803055007202109
040803056901202109
040803056907202109
040803057701202109
040803057707202109
040803058501202109
040803058507202109
040803059301202109
040803059307202109
040803060701202109
040803060707202109
040803061501202109
040803061507202109
040803062301202109
040803062307202109
040803063101202109
040803063107202109
040803064001202109
040803064007202109
040803065801202109
040803065807202109
040803066601202109
040803066607202109
040803067401202109
040803067407202109
040803068201202109
040803068207202109
040803069001202109
040803069007202109
040803070401202109
040803071201202109
040803071207202109
040803072001202109
040803072007202109
040803073901202109
040803073907202109
040803074701202109
040803074707202109
040803075501202109
040803075507202109
040803075509202109
040803076301202109
040803076307202109
040803077101202109
040803077107202109
040803078001202109
040803079801202109
040803080101202109
040803080107202109
040803081001202109
040803081007202109
040803082801202109
040803082807202109
040803083601202109
040803083607202109
040803084401202109
040803084407202109
040803085201202109
040803085207202109
040803086001202109
040803086007202109
040803087901202109
040803087907202109
040803088701202109
040803088707202109
040803089501202109
040803089507202109
040803090901202109
040803090907202109
040803091701202109
040803091707202109
040804001701202109
040804001707202109
040804002501202109
040804002507202109
040804003301202109
040804003307202109
040804004101202109
040804004107202109
040804005001202109
040804006801202109
040804007601202109
040804008401202109
040804009201202109
040804010601202109
040804010607202109
040804011401202109
040804011407202109
040804012201202109
040804012207202109
040804013001202109
040804013007202109
040804014901202109
040804014907202109
040804015701202109
040804015707202109
040804016501202109
040804016507202109
040804017301202109
040804017307202109
040804018101202109
040804018107202109
040804018109202109
040804019001202109
040804019007202109
040804019009202109
040804020301202109
040804020307202109
040804022001202109
040804022007202109
040804023801202109
040804023807202109
040804024601202109
040804024607202109
040804025401202109
040804025407202109
040804026201202109
040804026207202109
040804027001202109
040804027007202109
040804028901202109
040804028907202109
040804029701202109
040804029707202109
040804030001202109
040804030007202109
040804031901202109
040804031907202109
040804032701202109
040804032707202109
040804033501202109
040804033507202109
040804034301202109
040804034307202109
040805001201202109
040805001207202109
040805002001202109
040805002007202109
040805003901202109
040805003907202109
040805004701202109
040805004707202109
040805005501202109
040805006301202109
040805007101202109
040805008001202109
040805008007202109
040805010101202109
040805010107202109
040805011001202109
040805011007202109
040805012801202109
040805012807202109
040805013601202109
040805013607202109
040805014401202109
040805014407202109
040805014409202109
040805015201202109
040805015207202109
040805016001202109
040805016007202109
040805016009202109
040805017901202109
040805017907202109
040805019501202109
040805019507202109
040805019509202109
040805020901202109
040805020907202109
040805020909202109
040805021701202109
040805021707202109
040805021709202109
040805022501202109
040805022507202109
040805022509202109
040805023301202109
040805023307202109
040805024101202109
040805024107202109
040805024109202109
040805025001202109
040805025007202109
040805025009202109
040805026801202109
040805026807202109
040805026809202109
040805027601202109
040805027607202109
040805027609202109
040805028401202109
040805028407202109
040805028409202109
040805029201202109
040805029207202109
040805029209202109
040805030601202109
040805030607202109
040805031401202109
040805031407202109
040805032201202109
040805032207202109
040805032209202109
040805033001202109
040805033007202109
040805034901202109
040805034907202109
040805034909202109
040805035701202109
040805035707202109
040805035709202109
040805036501202109
040805036507202109
040805037301202109
040805037307202109
040805037309202109
040805038101202109
040805038107202109
040805039001202109
040805039007202109
040805039009202109
040805040301202109
040805041101202109
040805041107202109
040805042001202109
040805042007202109
040805043801202109
040805043807202109
040805044601202109
040805044607202109
040805044609202109
040805045401202109
040805045407202109
040805046201202109
040805046207202109
040805047001202109
040805047007202109
040805048901202109
040805048907202109
040805049701202109
040805049707202109
040805050001202109
040805050007202109
040805051901202109
040805051907202109
040805052701202109
040805052707202109
040805053501202109
040805053507202109
040805054301202109
040805054307202109
040805055101202109
040805055107202109
040805056001202109
040805056007202109
040805057801202109
040805057807202109
040805058601202109
040805058607202109
040805059401202109
040805059407202109
040805060801202109
040805060807202109
040805061601202109
040805061607202109
040805062401202109
040805062407202109
040805063201202109
040805063207202109
040805064001202109
040805064007202109
040805064009202109
040805065901202109
040805065907202109
040805065909202109
040805066701202109
040805066709202109
040805067501202109
040805067507202109
040805068301202109
040805068307202109
040805069101202109
040805069107202109
040805069109202109
040805070501202109
040805070507202109
040805071301202109
040805071307202109
040805072101202109
040805072107202109
040805073001202109
040805073007202109
040805073009202109
040805074801202109
040805074807202109
040805074809202109
040805075601202109
040805075607202109
040805075609202109
040805076401202109
040805076407202109
040805076409202109
040805077201202109
040805077207202109
040805078001202109
040805078007202109
040805079901202109
040805079907202109
040805080201202109
040805080207202109
040805081001202109
040805081007202109
040805082901202109
040805082907202109
040805082909202109
040805083701202109
040805083707202109
040805084501202109
040805084507202109
040805085301202109
040805085307202109
040805086101202109
040805086107202109
040805087001202109
040805087007202109
040805088801202109
040805088807202109
040805088809202109
040805089601202109
040805089607202109
040805089609202109
040805090001202109
040805091801202109
040805091807202109
040805091809202109
040805092601202109
040805092607202109
040805092609202109
040806001801202109
040806001807202109
040806001809202109
040806002601202109
040806002607202109
040806003401202109
040806003407202109
040806004201202109
040806004207202109
040806004209202109
040806005001202109
040806005007202109
040806005009202109
040806006901202109
040806006907202109
040806007701202109
040806007707202109
040806008501202109
040806008507202109
040806008509202109
040806009301202109
040806009307202109
040806010701202109
040806010707202109
040806011501202109
040806011507202109
040806011509202109
040806012301202109
040806012307202109
040806012309202109
040806013101202109
040806013107202109
040806013109202109
040806014001202109
040806014007202109
040806014009202109
040806015801202109
040806015807202109
040806015809202109
040806016601202109
040806016607202109
040806017401202109
040806017407202109
040806018201202109
040806018207202109
040806019001202109
040806019007202109
040806020401202109
040806020407202109
040806020409202109
040806021201202109
040806021207202109
040806021209202109
040806023901202109
040806023907202109
040806024701202109
040806024707202109
040806025501202109
040806025507202109
040806026301202109
040806026307202109
040806027101202109
040806027107202109
040806028001202109
040806028007202109
040806029801202109
040806029807202109
040806029809202109
040806030101202109
040806030107202109
040806030109202109
040806031001202109
040806031007202109
040806031009202109
040806032801202109
040806032807202109
040806032809202109
040806033601202109
040806033607202109
040806033609202109
040806034401202109
040806034407202109
040806034409202109
040806035201202109
040806035207202109
040806035209202109
040806036001202109
040806036007202109
040806036009202109
040806037901202109
040806037907202109
040806037909202109
040806038701202109
040806038707202109
040806039501202109
040806039507202109
040806039509202109
040806040901202109
040806040907202109
040806040909202109
040806041701202109
040806041707202109
040806041709202109
040806042501202109
040806042507202109
040806042509202109
040806043301202109
040806043307202109
040806043309202109
040806044101202109
040806044107202109
040806044109202109
040806045001202109
040806045007202109
040806045009202109
040806046801202109
040806046807202109
040806046809202109
040806047601202109
040806047607202109
040806047609202109
040806048401202109
040806048407202109
040806048409202109
040806049201202109
040806049207202109
040806050601202109
040806050607202109
040806051401202109
040806051407202109
040806052201202109
040806052207202109
040806053001202109
040806053007202109
040806053009202109
040806054901202109
040806054907202109
040806054909202109
040806055701202109
040806055707202109
040806056501202109
040806056507202109
040806056509202109
040806057301202109
040806057307202109
040806057309202109
040806058101202109
040806058107202109
040806058109202109
040806059001202109
040806059007202109
040806060301202109
040806060307202109
040806060309202109
040806061101202109
040806062001202109
040806062007202109
040806063801202109
040806063807202109
040806063809202109
040806064601202109
040806064607202109
040806066201202109
040806066207202109
040806067001202109
040806067007202109
040806067009202109
040806069701202109
040806069707202109
040806070001202109
040806070007202109
040806070009202109
040901001401202109
040901001407202109
040901002201202109
040901002207202109
040901003001202109
040901003007202109
040901004901202109
040901004907202109
040901005701202109
040901005707202109
040901006501202109
040901006507202109
040901006509202109
040901007301202109
040901007307202109
040901008101202109
040901008107202109
040901009001202109
040901009007202109
040901009009202109
040901012001202109
040901012007202109
040901012009202109
040901013801202109
040901013807202109
040901014601202109
040901014607202109
040901014609202109
040901017001202109
040901017007202109
040901017009202109
040901018901202109
040901018907202109
040901019701202109
040901019707202109
040901020001202109
040901020007202109
040901021901202109
040901022701202109
040901022707202109
040901023501202109
040901023507202109
040901024301202109
040901024307202109
040901025101202109
040901025107202109
040901026001202109
040901026007202109
040901028601202109
040901028607202109
040901029401202109
040901029407202109
040901030801202109
040901030807202109
040901031601202109
040901031607202109
040901032401202109
040901032407202109
040901033201202109
040901033207202109
040901034001202109
040901034007202109
040901036701202109
040901036707202109
040901037501202109
040901037507202109
040901037509202109
040901038301202109
040901038307202109
040901038309202109
040901039101202109
040901039107202109
040901039109202109
040901040501202109
040901040507202109
040901041301202109
040901041307202109
040901043001202109
040901043007202109
040901043009202109
040901045601202109
040901045607202109
040901046401202109
040901046407202109
040901047201202109
040901047207202109
040901048001202109
040901048007202109
040901048009202109
040901049901202109
040901050201202109
040901050207202109
040901051001202109
040901051007202109
040901051009202109
040901052901202109
040901052907202109
040901053701202109
040901053707202109
040901054501202109
040901054507202109
040901055301202109
040901055307202109
040901056101202109
040901056107202109
040901057001202109
040901057007202109
040901058801202109
040901058807202109
040901059601202109
040901059607202109
040901059609202109
040902001001202109
040902001007202109
040902001009202109
040902002801202109
040902002807202109
040902002809202109
040902004401202109
040902004407202109
040902004409202109
040902005201202109
040902005207202109
040902007901202109
040902007907202109
040902007909202109
040902008701202109
040902008707202109
040902008709202109
040902009501202109
040902009507202109
040902009509202109
040902010901202109
040902010907202109
040902010909202109
040902012501202109
040902012507202109
040902012509202109
040902013301202109
040902013307202109
040902013309202109
040902014101202109
040902014107202109
040902014109202109
040902015001202109
040902015007202109
040902015009202109
040902016801202109
040902016807202109
040902016809202109
040902017601202109
040902017607202109
040902017609202109
040903001501202109
040903001509202109
040903002301202109
040903003101202109
040903004001202109
040904001001202109
040904001007202109
040904001009202109
040904003701202109
040904003707202109
040904003709202109
040904004501202109
040904004507202109
040904005301202109
040904005307202109
040904005309202109
040904007001202109
040904007007202109
040904007009202109
040904008801202109
040904008807202109
040904008809202109
040904009601202109
040904009607202109
040904009609202109
040904011801202109
040904011807202109
040904011809202109
040904012601202109
040904012607202109
040904012609202109
040904013401202109
040904013407202109
040904013409202109
040904014201202109
040904014209202109
040904015001202109
040904015007202109
040904015009202109
040904016901202109
040904016907202109
040904016909202109
040904017701202109
040904017707202109
040904017709202109
040904018501202109
040904018507202109
040904018509202109
040904019301202109
040904019307202109
040904019309202109
040904020701202109
040904020707202109
040904020709202109
040904021501202109
040904021507202109
040904021509202109
040904022301202109
040904022309202109
040904023101202109
040904023107202109
040904023109202109
040904024001202109
040904024009202109
040905001601202109
040905001607202109
040905002401202109
040905002407202109
040905002409202109
040905003201202109
040905003209202109
040905004001202109
040905004007202109
040905004009202109
040905007501202109
040905007507202109
040905007509202109
040905008301202109
040905008307202109
040905008309202109
040905009101202109
040905009107202109
040905009109202109
040905010501202109
040905010507202109
040905010509202109
040905011301202109
040905011307202109
040905011309202109
040905013001202109
040905014801202109
040906001101202109
040906001102202109
040906001107202109
040906001109202109
040906002001202109
040906003801202109
040906003809202109
040906004601202109
040906004607202109
040906004609202109
040906005401202109
040906005402202109
040906005409202109
040906007001202109
040906007002202109
040906007009202109
040906010001202109
040906010007202109
040906011901202109
040906011907202109
040906012701202109
040906012707202109
040906013501202109
040906013507202109
040906014301202109
040906014307202109
040906015101202109
040906015107202109
040906016001202109
040906016007202109
040906017801202109
040906017807202109
040906017809202109
040906018601202109
040906018609202109
040906019401202109
040906019407202109
040906019409202109
040906020801202109
040906020807202109
040906020809202109
040906021601202109
040906021607202109
040906021609202109
040906022401202109
040906022407202109
040906022409202109
040906023201202109
040906023202202109
040906023207202109
040906023209202109
040906024001202109
040906024002202109
040906024007202109
040906024009202109
040906025901202109
040906025902202109
040906025907202109
040906025909202109
040906026701202109
040906026702202109
040906026707202109
040906026709202109
040906027501202109
040906027507202109
040906027509202109
040906028301202109
040906028307202109
040906029101202109
040907001701202109
040907001709202109
040907002501202109
040907002509202109
040907003301202109
040907003309202109
040907004101202109
040907004109202109
040907005001202109
040907006801202109
040907006809202109
040907007601202109
040907007609202109
040907008401202109
040907008409202109
040907009201202109
040907009207202109
040907009209202109
040907010601202109
040907010607202109
040907010609202109
040907011401202109
040907011407202109
040907013001202109
040907013007202109
040907013009202109
040907014901202109
040907014907202109
040907014909202109
040907015701202109
040907015707202109
040907015709202109
040907019001202109
040907019009202109
040907020301202109
040907021101202109
040907021107202109
040907022001202109
040907022007202109
040907022009202109
040907023801202109
040907023807202109
040907024601202109
040907024607202109
040907025401202109
040907025407202109
040907026201202109
040907026207202109
040907026209202109
040907027001202109
040907027009202109
040907028901202109
040907028907202109
040907028909202109
040907029701202109
040907030001202109
040907030009202109
040907031901202109
041001001401202109
041001001407202109
041001001409202109
041001005701202109
041001006501202109
041001006507202109
041001006509202109
041001007301202109
041001007307202109
041001007309202109
041001008101202109
041001008107202109
041001008109202109
041001009001202109
041001009009202109
041001011101202109
041001011107202109
041001011109202109
041001012001202109
041001012007202109
041001013801202109
041001014601202109
041001015401202109
041001016201202109
041001019701202109
041001020001202109
041101001801202109
041101001802202109
041101001809202109
041101002601202109
041101002602202109
041101003401202109
041101003402202109
041101004201202109
041101004202202109
041101005001202109
041101005002202109
041101005009202109
041101007701202109
041101007702202109
041101007709202109
041101008501202109
041101008502202109
041102001301202109
041102001302202109
041102001309202109
041102002101202109
041102002102202109
041102002109202109
041102003001202109
041102003002202109
041102004801202109
041102004802202109
041201001101202109
041201001107202109
041201002001202109
041201002007202109
041201003801202109
041201003807202109
041201003809202109
041201004601202109
041201004607202109
041201004609202109
041201007001202109
041201007007202109
041201008901202109
041201008907202109
041201009701202109
041201009707202109
041201010001202109
041201010007202109
041201011901202109
041201011907202109
041201013501202109
041201013507202109
041201014301202109
041201014307202109
041202001701202109
041202001707202109
041202002501202109
041202002507202109
041202003301202109
041202003307202109
041202005001202109
041202005007202109
041202006801202109
041202006807202109
041202007601202109
041202007607202109
041202008401202109
041202008407202109
041203001201202109
041203001207202109
041203004701202109
041203004707202109
041203008001202109
041203008007202109
041203009801202109
041203009807202109
041203009809202109
041203010101202109
041203010107202109
041203011001202109
041203011007202109
041204001801202109
041204001807202109
041204001809202109
041204002601202109
041204002607202109
041204003401202109
041204003407202109
041204004201202109
041204004207202109
041204005001202109
041204005007202109
041204006901202109
041204006907202109
041204008501202109
041204008507202109
041204008509202109
041204010701202109
041204010707202109
041204011501202109
041204011507202109
041204012301202109
041204012307202109
041204013101202109
041204013107202109
041204015801202109
041204015807202109
041204016601202109
041204016607202109
041204017401202109
041204017407202109
041204018201202109
041204018207202109
041204019001202109
041204019007202109
041204020401202109
041204020407202109
041204021201202109
041204021207202109
041204022001202109
041204022007202109
041204022009202109
041205001301202109
041205001307202109
041205003001202109
041205003007202109
041205004801202109
041205004807202109
041205006401202109
041205006407202109
041205007201202109
041205007207202109
041205008001202109
041205008007202109
041205010201202109
041205010207202109
041205011001202109
041205011007202109
041205013701202109
041205013707202109
041205014501202109
041205014507202109
041205015301202109
041205015307202109
041205016101202109
041205016107202109
041301001501202109
041301001507202109
041301006601202109
041301008201202109
041301008207202109
041301009001202109
041301009007202109
041303001601202109
041303001607202109
041303001609202109
041303002401202109
041303002407202109
041303002409202109
041303003201202109
041303003209202109
041303005901202109
041303005907202109
041303005909202109
041303006701202109
041303006709202109
041303007501202109
041303007509202109
041303008301202109
041303008307202109
041303008309202109
041304002001202109
041304002007202109
041304003801202109
041304004601202109
041304005401202109
041304005409202109
041304006201202109
041304006209202109
041304007001202109
041304007009202109
041304008901202109
041304008909202109
041304009701202109
041304009707202109
041304010001202109
041304010007202109
041304011901202109
041304011907202109
041304011909202109
041304012701202109
041304012707202109
041304012709202109
041304013501202109
041304013507202109
041304013509202109
041304014301202109
041304014307202109
041304014309202109
041304015101202109
041304015107202109
041304015109202109
041304016001202109
041304016007202109
041304017801202109
041304017807202109
041304018601202109
041304018607202109
041304018609202109
041304019401202109
041304019407202109
041304019409202109
041304020801202109
041304020807202109
041304020809202109
041304021601202109
041304021607202109
041304021609202109
041304022401202109
041304022407202109
041304022409202109
041304023201202109
041304023207202109
041304023209202109
041304024001202109
041304024007202109
041304025901202109
041304025909202109
041304026701202109
041401002701202109
041401003501202109
041401025601202109
041401025607202109
041401025609202109
041401027201202109
041401027207202109
041401027209202109
041401032901202109
041401032907202109
041401032909202109
041401034501202109
041401034507202109
041401034509202109
041402002201202109
041402002203202109
041402002207202109
041402002209202109
041402003001202109
041402003003202109
041402003007202109
041402003009202109
041402004901202109
041402004903202109
041402004907202109
041402004909202109
041402005701202109
041402005703202109
041402005707202109
041402005709202109
041402006501202109
041402006503202109
041402006507202109
041402006509202109
041402007301202109
041402007303202109
041402007307202109
041402007309202109
041402008101202109
041402008103202109
041402008107202109
041402008109202109
041402009001202109
041402009003202109
041402009007202109
041402009009202109
041402014601202109
041402014603202109
041402014607202109
041402014609202109
041402015401202109
041402015403202109
041402015407202109
041402015409202109
041402016201202109
041402016203202109
041402016207202109
041402016209202109
041402020001202109
041402020003202109
041402020007202109
041402020009202109
041402021901202109
041402021903202109
041402021907202109
041402021909202109
041402024301202109
041402024303202109
041402024307202109
041402024309202109
041402027801202109
041402027803202109
041402027807202109
041402027809202109
041402029401202109
041402029403202109
041402029407202109
041402029409202109
041402036701202109
041402036703202109
041402036707202109
041402036709202109
041402037501202109
041402037503202109
041402037507202109
041402037509202109
041402041301202109
041402041303202109
041402041307202109
041402041309202109
041501001201202109
041501001207202109
041502001801202109
041502003401202109
041502003407202109
041502004201202109
041502004207202109
041502005001202109
041502005007202109
041502006901202109
041502006907202109
041502007701202109
041502007707202109
041503001301202109
041503001307202109
041504002701202109
041504002707202109
041504003501202109
041504003507202109
041601001601202109
041601001607202109
041601002401202109
041601002407202109
041601003201202109
041601003207202109
041601004001202109
041601004007202109
041601007501202109
041601007507202109
041601009101202109
041601009107202109
041601011301202109
041601011307202109
041601011309202109
041601012101202109
041601013001202109
041601016401202109
041601016407202109
041601017201202109
041601017207202109
041601017209202109
041601018001202109
041601018007202109
041601019901202109
041601019907202109
041601020201202109
041601020207202109
041601021001202109
041601021007202109
041601022901202109
041601022907202109
041602002001202109
041602002007202109
041602015101202109
041602015107202109
041602016001202109
041602016007202109
041602017801202109
041602017807202109
041602017809202109
041602018601202109
041602018607202109
041602018609202109
041602019401202109
041602019407202109
041602020801202109
041602020807202109
041602021601202109
041602021607202109
041602021609202109
041602022401202109
041602022407202109
041602023201202109
041602023207202109
041602024001202109
041602024007202109
041602024009202109
041602025901202109
041602025907202109
041603001701202109
041603001707202109
041603001709202109
041603002501202109
041603002507202109
041603002509202109
041603003301202109
041603003307202109
041603003309202109
041603004101202109
041603004107202109
041603004109202109
041603006801202109
041603006807202109
041603007601202109
041603008401202109
041603008407202109
041603009201202109
041603009207202109
041603014901202109
041603014907202109
041603014909202109
041603015701202109
041603015707202109
041603015709202109
041603016501202109
041603016507202109
041603017301202109
041603017307202109
041603018101202109
041603018107202109
041603019001202109
041603020301202109
041603020307202109
041603021101202109
041603021107202109
041603022001202109
041603022007202109
041603023801202109
041603023807202109
041603024601202109
041603024607202109
041603025401202109
041603026201202109
041603027001202109
041603027007202109
041603028901202109
041603029701202109
041603030001202109
041603030007202109
041603031901202109
041603031907202109
041603032701202109
041603032707202109
041603032709202109
041603033501202109
041603033507202109
041603033509202109
041603034301202109
041603034307202109
041603035101202109
041603035107202109
041603035109202109
041603036001202109
041603036007202109
041604001201202109
041604001207202109
041604002001202109
041604002007202109
041604003901202109
041604003907202109
041604004701202109
041604004707202109
041604005501202109
041604005507202109
041604007101202109
041604007107202109
041604010101202109
041604010107202109
041604011001202109
041604011007202109
041604012801202109
041604012807202109
041604014401202109
041604014407202109
041604017901202109
041604017909202109
041604018701202109
041604018709202109
041604019501202109
041604019509202109
041604020901202109
041604020907202109
041604021701202109
041604021707202109
041604022501202109
041604022507202109
041604023301202109
041604023307202109
041604024101202109
041604024107202109
041604025001202109
041604025007202109
041604026801202109
041604026807202109
041604027601202109
041604027607202109
041604028401202109
041605001801202109
041605001807202109
041605002601202109
041605002607202109
041605003401202109
041605003407202109
041605005001202109
041605005007202109
041605007701202109
041605007707202109
041605009301202109
041605009307202109
041605010701202109
041605010707202109
041605011501202109
041605011507202109
041606001301202109
041606001307202109
041606001309202109
041606002101202109
041606002107202109
041606003001202109
041606003007202109
041606005601202109
041606005607202109
041606006401202109
041606006407202109
041606008001202109
041606008007202109
041606009901202109
041606009907202109
041606010201202109
041606010207202109
041606011001202109
041606011007202109
041606012901202109
041606012907202109
041608001401202109
041608001407202109
041608001409202109
041608003001202109
041608003007202109
041608003009202109
041608008101202109
041608008107202109
041608009001202109
041608009007202109
041608011101202109
041608011107202109
041608012001202109
041608012007202109
041608012009202109
041609001001202109
041609001007202109
041609002801202109
041609002807202109
041609003601202109
041609003607202109
041609007901202109
041609007907202109
041609010901202109
041609010907202109
041609011701202109
041609011707202109
041609012501202109
041609012507202109
041609013301202109
041609013307202109
041611001001202109
041611001007202109
041611002901202109
041611002907202109
041611003701202109
041611003707202109
041611004501202109
041611004507202109
041611005301202109
041611005307202109
041611006101202109
041611006107202109
041611007001202109
041611007007202109
041611008801202109
041611008807202109
041612002401202109
041612003201202109
041612004001202109
041612004009202109
041612005901202109
041612005909202109
050103006901202109
050103006903202109
050103006907202109
050201001074202109
050201001075202109
050201001076202109
050201001077202109
050201001078202109
050201001079202109
050201002977202109
050201002978202109
050201002979202109
050201002980202109
050201002981202109
050201002982202109
050301001401202109
050301001403202109
050301001474202109
050301001475202109
050301001476202109
050301001477202109
050301001478202109
050301001479202109
050301001480202109
050301001481202109
050301001482202109
050301002201202109
050301002274202109
050301002275202109
050301002276202109
050301002277202109
050301002278202109
050301002279202109
050301002280202109
050301002281202109
050301002282202109
050302001001202109
050302002801202109
050303001574202109
050303001575202109
050303001576202109
050303001577202109
050303001578202109
050303001579202109
050303001580202109
050303001581202109
050303001582202109
050303002301202109
050303002374202109
050303002375202109
050303002376202109
050303002377202109
050303002378202109
050303002379202109
050303002380202109
050303002381202109
050303002382202109
050303003101202109
050303003174202109
050303003175202109
050303003176202109
050303003177202109
050303003178202109
050303003179202109
050303003180202109
050303003181202109
050303003182202109
050303004001202109
050303004074202109
050303004075202109
050303004076202109
050303004077202109
050303004078202109
050303004080202109
050303004081202109
050303004082202109
050303005801202109
050303005874202109
050303005875202109
050303005876202109
050303005877202109
050303005878202109
050303005879202109
050303005880202109
050303005881202109
050303005882202109
050303006601202109
050303006674202109
050303006675202109
050303006676202109
050303006677202109
050303006678202109
050303006679202109
050303006680202109
050303006681202109
050303006682202109
050303007401202109
050303007474202109
050303007475202109
050303007476202109
050303007477202109
050303007478202109
050303007479202109
050303007480202109
050303007481202109
050303007482202109
050303008201202109
050303008274202109
050303008275202109
050303008276202109
050303008277202109
050303008278202109
050303008279202109
050303008280202109
050303008281202109
050303008282202109
050303009001202109
050303009074202109
050303009075202109
050303009076202109
050303009077202109
050303009078202109
050303009079202109
050303009080202109
050303009081202109
050303009082202109
050303010401202109
050303010474202109
050303010475202109
050303010476202109
050303010477202109
050303010478202109
050303010479202109
050303010480202109
050303010481202109
050303010482202109
050304004574202109
050304004575202109
050304004576202109
050304004577202109
050304004578202109
050304004579202109
050304004580202109
050304004581202109
050304004582202109
050501001103202109
050501001107202109
050501002003202109
050501002007202109
050501003803202109
050501003807202109
050501004603202109
050501004607202109
050501005403202109
050501005407202109
050501006203202109
050501006207202109
050501007003202109
050501007007202109
050501008903202109
050501008907202109
050501009701202109
050501009707202109
050501009709202109
050501010001202109
050501010007202109
050501010009202109
050501011901202109
050501011907202109
050501011909202109
050501012701202109
050501012707202109
050501012709202109
050502004101202109
050502004107202109
050502005001202109
050502005007202109
050502006801202109
050502007601202109
050502008401202109
050502009201202109
050502010601202109
050502011401202109
050502011407202109
050502012201202109
050602001012202109
050602002912202109
050602003712202109
050602004503202109
050602004507202109
050602004509202109
050602004512202109
050602005301202109
050602005303202109
050602005307202109
050602006101202109
050602006103202109
050602006107202109
050602007001202109
050602007003202109
050602007007202109
050602008801202109
050602008803202109
050602008807202109
050602009601202109
050602009603202109
050602009607202109
050602010001202109
050602010003202109
050602010007202109
050602011801202109
050602011803202109
050602011807202109
070209005001202109
070209005007202109
070209006901202109
070209006907202109
080201006765202109
080201007579202109
080201008375202109
080201009176202109
080201010574202109
080201011383202109
080201012181202109
080201013082202109
080201014877202109
080201015678202109
080201016480202109
080201021085202109
080201022986202109
080201023792202109
080201024593202109
080201025387202109
080201026187202109
080201027087202109
080201029651202109
080201030052202109
080201031896202109
