0102010056141002201903
0102010064141002201903
0102010072141002201903
0102010145141002201903
0102010153141002201903
0102010161141002201903
0102010170141002201903
0102010188141002201903
0102010196141002201903
0102010200141002201903
0102010218141002201903
0102010226108001201903
0102010226141002201903
0102010234108001201903
0102010234141002201903
0102010242141002201903
0102010250141002201903
0102010269141002201903
0102010277141002201903
0102010285141002201903
0102010293141002201903
0102010307141002201903
0102010315141002201903
0102010323141002201903
0102010331141002201903
0102010340141002201903
0102010358141002201903
0102010366141002201903
0102010374141002201903
0102010382141002201903
0102010390141002201903
0102010404141002201903
0102010412141002201903
0102010420141002201903
0102010439141002201903
0102010447141002201903
0102010455141002201903
0102010463141002201903
0102010471141002201903
0102010480141002201903
0102010498141002201903
0102010501141002201903
0102010510141002201903
0102010528141002201903
0102010536141002201903
0102010544141002201903
0102010552141002201903
0102010560141002201903
0102010579141002201903
0102010587141002201903
0102010595141002201903
0102010609141002201903
0102010617141002201903
0102010625141002201903
0102010633141002201903
0102010641141002201903
0102010650141002201903
0102010668141002201903
0102020019108003201903
0102020027108001201903
0102020027108003201903
0102020035108003201903
0201010151110001201903
0201010151120001201903
0201010186131001201903
0201010186132001201903
0201010186132005201903
0201010240131001201903
0201010240132001201903
0201010240132005201903
0201010534105005201903
0201010542121001201903
0201010542121002201903
0201010542121003201903
0201010542121004201903
0202010015145001201903
0202010023145001201903
0202010031145001201903
0202010040145001201903
0202010058145001201903
0202010066145001201903
0202010074145001201903
0202010082145001201903
0202010090145001201903
0202010104145001201903
0202010112145001201903
0202010120145001201903
0202010139145001201903
0202010147145001201903
0202010155145001201903
0202010163145001201903
0202010171145001201903
0202010180145001201903
0202010198145001201903
0202010201145001201903
0202010210145001201903
0202010228145001201903
0202010236145001201903
0202010244145001201903
0202010252145001201903
0202010260145001201903
0202010279145001201903
0202010287145001201903
0202010295145001201903
0202010309145001201903
0202010317145001201903
0202010325145001201903
0202010333145001201903
0202010341145001201903
0202010350145001201903
0202010368145001201903
0202010376145001201903
0202010384145001201903
0202010392145001201903
0202010406145001201903
0202010414145001201903
0202010422145001201903
0202010430145001201903
0202010449145001201903
0202010457145001201903
0202010465145001201903
0202010473145001201903
0202010481145001201903
0202010490145001201903
0202010503145001201903
0202010511145001201903
0202010520145001201903
0202010538145001201903
0202010546145001201903
0202010554145001201903
0202010562145001201903
0202010570145001201903
0202010589145001201903
0202010597145001201903
0202010600145001201903
0202010619145001201903
0202010627145001201903
0202010635145001201903
0202010643145001201903
0202010651145001201903
0202010660145001201903
0202010678145001201903
0202010686145001201903
0202010694145001201903
0202010708145001201903
0202010716145001201903
0202010724145001201903
0202010732145001201903
0202010740145001201903
0202010759145001201903
0202010767145001201903
0202020010145002201903
0202020029145002201903
0202020037145002201903
0202020045145002201903
0202020053145002201903
0202020061145002201903
0202020070145002201903
0202020088145002201903
0202020096145002201903
0202020100145002201903
0202020118145002201903
0202020126145002201903
0202020134145002201903
0202020142145002201903
0202020150145002201903
0202020169145002201903
0202020177145002201903
0202020185145002201903
0202020193145002201903
0202020207145002201903
0202020215145002201903
0202020223145002201903
0202020231145002201903
0202020240145002201903
0202020258145002201903
0202020266145002201903
0202020274145002201903
0202020282145002201903
0202020290145002201903
0202020304145002201903
0202020312145002201903
0202020320145002201903
0202020339145002201903
0202020347145002201903
0202020355145002201903
0202020363145002201903
0202020371145002201903
0202020380145002201903
0202020398145002201903
0202020401145002201903
0202020410145002201903
0202020428145002201903
0202020436145002201903
0202020444145002201903
0202020460145002201903
0202020479128001201903
0202020487145002201903
0202020495145002201903
0202020517145002201903
0202020525145002201903
0202020533145002201903
0202020541145002201903
0202030016145003201903
0202030024145003201903
0202030032145003201903
0202030040145003201903
0202030059145003201903
0202030067145003201903
0202030075145003201903
0202030083145003201903
0202030091145003201903
0202030105145003201903
0202030113145003201903
0202030121145003201903
0202030130145003201903
0202030148145003201903
0202030156145003201903
0202030164145003201903
0202030172145003201903
0202030180145003201903
0202030199145003201903
0202030202145003201903
0202030210145003201903
0202030229145003201903
0202030237132002201903
0202030237145003201903
0202030253145003201903
0202030261145003201903
0202030270145003201903
0202030288145003201903
0202030296145003201903
0202030300145003201903
0202030318145003201903
0202030326145003201903
0202030334145003201903
0202030342145003201903
0202030350145003201903
0202030369145003201903
0202030377145003201903
0202030385145003201903
0202030393145003201903
0202030407145003201903
0202030415145003201903
0202030423145003201903
0202030431145003201903
0202030440145003201903
0202030458145003201903
0202030466145003201903
0202030474145003201903
0202030482145003201903
0202030504145003201903
0202030512145003201903
0202030520145003201903
0202030539145003201903
0202030547145003201903
0202030555145003201903
0202030563145003201903
0202030571145003201903
0202030580145003201903
0202030598145003201903
0202030601145003201903
0202030610145003201903
0202030628145003201903
0202030636145003201903
0202030644145003201903
0202030652145003201903
0202030660145003201903
0202030679145003201903
0202030687145003201903
0202030695145003201903
0202030709145003201903
0202030717145003201903
0202030725145003201903
0202030733145003201903
0202030741145003201903
0202030750145003201903
0202030768145003201903
0202030776145003201903
0202030784145003201903
0202030792145003201903
0202030806145003201903
0202030814145003201903
0202030822145003201903
0202030830145003201903
0202030849145003201903
0202030857145003201903
0202030865145003201903
0202030873145003201903
0202030881145003201903
0202030890145003201903
0202030903145003201903
0202030911145003201903
0202030920145003201903
0202030938145003201903
0202030946145003201903
0202030954145003201903
0202030962145003201903
0202030970145003201903
0202030989145003201903
0202030997145003201903
0202031004145003201903
0202031012145003201903
0202031020145003201903
0202031039145003201903
0202031047145003201903
0202031055145003201903
0202031063145003201903
0202031071145003201903
0202031080145003201903
0202031098145003201903
0202031101145003201903
0202031110145003201903
0202031128145003201903
0202031136145003201903
0202031179145003201903
0202031187145003201903
0202031195145003201903
0202031209145003201903
0202031217145003201903
0202031225145003201903
0202031233145003201903
0202031233145011201903
0202031250145003201903
0202031250145011201903
0202031268145003201903
0202031268145011201903
0202040011145004201903
0202040020145004201903
0202040038145004201903
0202040046145004201903
0202040054145004201903
0202040062145004201903
0202040070145004201903
0202040089145004201903
0202040097145004201903
0202040100145004201903
0202040119145004201903
0202040127145004201903
0202040135145004201903
0202040143145004201903
0202040151145004201903
0202040160145004201903
0202040178145004201903
0202050017145005201903
0202050025145005201903
0202050033145005201903
0202050041145005201903
0202050050145005201903
0202050068145005201903
0202050076145005201903
0202050076145011201903
0202050084145005201903
0202050092145005201903
0202050106145005201903
0202050114145005201903
0202050122145005201903
0202050130145005201903
0202050149145005201903
0202050157145005201903
0202050165145005201903
0202050173145005201903
0202050181145005201903
0202050190145005201903
0202050203145005201903
0202050211145005201903
0202050220145005201903
0202050238145005201903
0202050246145005201903
0202050254145005201903
0202050262145005201903
0202050270145005201903
0202050289145005201903
0202050297145005201903
0202050300145005201903
0202050319145005201903
0202050327145005201903
0202060012145006201903
0202060012151002201903
0202060020145006201903
0202060020151002201903
0202060039145006201903
0202060039151002201903
0202060047145006201903
0202060047151002201903
0202060055145006201903
0202060055151002201903
0202060063145006201903
0202060063151002201903
0202060071145006201903
0202060071151002201903
0202060080145006201903
0202060080151002201903
0202060098145006201903
0202060098151002201903
0202060101145006201903
0202060101151002201903
0202060110145006201903
0202060110151002201903
0202060128145006201903
0202060128151002201903
0202060136145006201903
0202060136151002201903
0202060144145006201903
0202060144151002201903
0202060152145006201903
0202060152151002201903
0202060160145006201903
0202060160151002201903
0202060179145006201903
0202060179151002201903
0202060187145006201903
0202060187151002201903
0202060195145006201903
0202060195151002201903
0202060209145006201903
0202060209151002201903
0202060217145006201903
0202060217151002201903
0202060225145006201903
0202060225151002201903
0202060233145006201903
0202060233151002201903
0202060241145006201903
0202060241151002201903
0202060250145006201903
0202060250151002201903
0202060268145006201903
0202060268151002201903
0202060276145006201903
0202060276151002201903
0202060284145006201903
0202060284151002201903
0202060292145006201903
0202060292151002201903
0202060306145006201903
0202060306151002201903
0202060314145006201903
0202060314151002201903
0202060322145006201903
0202060322151002201903
0202060330145006201903
0202060330151002201903
0202060349145006201903
0202060349151002201903
0202060357145006201903
0202060357151002201903
0202060365145006201903
0202060365151002201903
0202060373145006201903
0202060373151002201903
0202060381145006201903
0202060381151002201903
0202060390145006201903
0202060390151002201903
0202060403145006201903
0202060403151002201903
0202060411145006201903
0202060411151002201903
0202060420145006201903
0202060420151002201903
0202060438145006201903
0202060438151002201903
0202060446145006201903
0202060446151002201903
0202060454145006201903
0202060454151002201903
0202060462145006201903
0202060462151002201903
0202060470145006201903
0202070018145008201903
0202070026145008201903
0202070034145008201903
0202070042145008201903
0202070050145008201903
0202070069145008201903
0202070077145008201903
0202070085145008201903
0202070093145008201903
0202070107145008201903
0202070115145008201903
0202070123145008201903
0202070131145008201903
0202070140145008201903
0202070158145008201903
0202070166145008201903
0202070174145008201903
0202070182145008201903
0202070190145008201903
0202070204145008201903
0202070212145008201903
0202070220145008201903
0202070239145008201903
0202070247145008201903
0202070255145008201903
0202070263145008201903
0202070271145008201903
0202070280145008201903
0202070298145008201903
0202070301145008201903
0202070310145008201903
0202070328145008201903
0202070336145008201903
0202070344145008201903
0202070352145008201903
0202080013145009201903
0202080021145009201903
0202080030145009201903
0202080048145009201903
0202080056145009201903
0202080064145009201903
0202080072145009201903
0202080080145009201903
0202080099145009201903
0202080102145009201903
0202080110145009201903
0202080129145009201903
0202080137145009201903
0202080145145009201903
0202080153145009201903
0202080161145009201903
0202080170145009201903
0202080188145009201903
0202080196145009201903
0202080200145009201903
0202080218145009201903
0202080226145009201903
0202080234145009201903
0202090019145010201903
0202090027145010201903
0202090035145010201903
0202090043145010201903
0202090051145010201903
0202090060145010201903
0202090078145010201903
0202090086145010201903
0202090094145010201903
0202090108145009201903
0202090116145010201903
0202090124145010201903
0202090132145010201903
0202090140145010201903
0202090159145010201903
0202090167145010201903
0202090183145010201903
0202090191145010201903
0202090213145010201903
0202090221145010201903
0202090221151002201903
0202090230145010201903
0202090248145010201903
0202090256145010201903
0202090264145010201903
0202090272145010201903
0202090280145010201903
0202090299145010201903
0202090302145010201903
0202090310145010201903
0202090329145010201903
0202090337145010201903
0202090345145010201903
0202090353145010201903
0202100014145011201903
0202100022145011201903
0202100030145011201903
0202100049120001201903
0202100049145011201903
0202100057145011201903
0202100065145011201903
0202100073145011201903
0202100081145011201903
0202100090145011201903
0202100103145011201903
0202100111145011201903
0202100120145011201903
0202100138145011201903
0202100146145011201903
0202100154145011201903
0202100162145011201903
0202100170145011201903
0202100189145011201903
0202100197145011201903
0202110010145012201903
0202110028145012201903
0202110036145012201903
0202110044145012201903
0202110052145012201903
0202110060145012201903
0202110079145012201903
0202110087145012201903
0202110095145012201903
0202110109145012201903
0202110117145012201903
0202110125145012201903
0202110133145012201903
0202110141145012201903
0202120015128002201903
0202120015145013201903
0202120023128002201903
0202120023145013201903
0202120031128002201903
0202120031145013201903
0202120040128002201903
0202120040145013201903
0202120058128002201903
0202120058145013201903
0202120066128002201903
0202120066145013201903
0202120074128002201903
0202120074145013201903
0202120082128002201903
0202120082145013201903
0202120090128002201903
0202120090145013201903
0202120104128002201903
0202120104145013201903
0203010019120002201903
0203010027120002201903
0203010035120002201903
0203010043120002201903
0203010078120003201903
0203010086120002201903
0203010086120003201903
0203020014120001201903
0203020014120002201903
0203020022120001201903
0203020030120001201903
0203020049120001201903
0203020057120001201903
0203020065120001201903
0203020073120001201903
0203020081120001201903
0204010012121001201903
0204010012121007201903
0204010020121001201903
0204010020121007201903
0204010039121001201903
0204010039121007201903
0204010047121001201903
0204010047121007201903
0204010055121001201903
0204010055121007201903
0204010063121001201903
0204010063121007201903
0204010071121001201903
0204010071121007201903
0204010080121001201903
0204010080121007201903
0204010098121001201903
0204010098121007201903
0204010101121001201903
0204010101121007201903
0204010110121001201903
0204010110121007201903
0204010128121001201903
0204010128121007201903
0204010136121001201903
0204010136121007201903
0204010144121001201903
0204010144121007201903
0204010152121001201903
0204010152121007201903
0204010179121001201903
0204010179121007201903
0204010195121001201903
0204010195121007201903
0204010209121001201903
0204010209121007201903
0204020018121001201903
0204020018121007201903
0204020026121001201903
0204020026121007201903
0204020034121001201903
0204020034121007201903
0204020042121001201903
0204020042121007201903
0204020050121001201903
0204020050121007201903
0204020069121001201903
0204020069121007201903
0204020077121001201903
0204020077121007201903
0204020085121001201903
0204020085121007201903
0204020093121001201903
0204020093121007201903
0204020107121001201903
0204020107121007201903
0204020115121001201903
0204020115121007201903
0204020123121001201903
0204020123121007201903
0204020131121001201903
0204020131121007201903
0204030013121001201903
0204030013121007201903
0204030021121001201903
0204030021121007201903
0204030030121012201903
0204030030121013201903
0204030048121001201903
0204030048121007201903
0204030056121001201903
0204030056121007201903
0204030064121001201903
0204030064121007201903
0204030072121001201903
0204030072121007201903
0204030080121001201903
0204030080121007201903
0204030099121001201903
0204030099121007201903
0204030102121001201903
0204030102121007201903
0204030110121001201903
0204030110121007201903
0204030129121001201903
0204030129121007201903
0204030137121001201903
0204030137121007201903
0204030145121001201903
0204030145121007201903
0204030153121001201903
0204030153121007201903
0204030161121001201903
0204030161121007201903
0204030170121001201903
0204030170121007201903
0204030188121012201903
0204030188121013201903
0204040019121001201903
0204040019121007201903
0204040027121001201903
0204040027121007201903
0204040035121001201903
0204040035121007201903
0204040043121001201903
0204040043121007201903
0204040051121001201903
0204040051121007201903
0204040060121001201903
0204040060121007201903
0204040078121001201903
0204040078121007201903
0204040086121001201903
0204040086121007201903
0204040094121001201903
0204040094121007201903
0204040108121001201903
0204040108121007201903
0204040116121001201903
0204040116121007201903
0204040124121001201903
0204040124121007201903
0204050014121001201903
0204050014121007201903
0204050022121001201903
0204050022121007201903
0204050030121001201903
0204050030121007201903
0204050049121001201903
0204050049121007201903
0204050057121001201903
0204050057121007201903
0204050065121001201903
0204050065121007201903
0204050073121001201903
0204050073121007201903
0204050081121001201903
0204050081121007201903
0204050090121001201903
0204050090121007201903
0204050103121001201903
0204050103121007201903
0204050111121001201903
0204050111121007201903
0204050120121001201903
0204050120121007201903
0204050138121001201903
0204050138121007201903
0204050146121001201903
0204050146121007201903
0204050154121001201903
0204050154121007201903
0204050162121001201903
0204050162121007201903
0204050170121001201903
0204050170121007201903
0204050189121001201903
0204050189121007201903
0204060010121001201903
0204060010121007201903
0204060036121001201903
0204060036121007201903
0204060044121001201903
0204060044121007201903
0204060052121001201903
0204060052121007201903
0204060060121001201903
0204060060121007201903
0204060079121001201903
0204060079121007201903
0204060087121001201903
0204060087121007201903
0204060095121001201903
0204060095121007201903
0204060109121001201903
0204060109121007201903
0204060117121001201903
0204060117121007201903
0204060125121001201903
0204060125121007201903
0204060133121001201903
0204060133121007201903
0204060141121001201903
0204060141121007201903
0204060150121001201903
0204060150121007201903
0204060168121001201903
0204060168121007201903
0204060176121001201903
0204060176121007201903
0205010016122003201903
0205010016122007201903
0205010024122003201903
0205010024122007201903
0205010032121002201903
0205010032121008201903
0205010040121002201903
0205010040121008201903
0205010059121002201903
0205010059121008201903
0205020011121002201903
0205020011121008201903
0205020020131001201903
0205020038121002201903
0205020038121008201903
0205020046121002201903
0205020046121008201903
0205020054121002201903
0205020054121008201903
0205020062121002201903
0205020062121008201903
0205020070121002201903
0205020070121008201903
0205020089121002201903
0205020089121008201903
0205020097121002201903
0205020097121008201903
0205020100121002201903
0205020100121008201903
0205020119121002201903
0205020119121008201903
0205020127121002201903
0205020127121008201903
0205020135121002201903
0205020135121008201903
0205020143121002201903
0205020143121008201903
0205020151121002201903
0205020151121008201903
0205020160121002201903
0205020160121008201903
0205020178121002201903
0205020178121008201903
0205020186121002201903
0205020186121008201903
0205020194121002201903
0205020194121008201903
0206010010121003201903
0206010010121009201903
0206010028121003201903
0206010028121009201903
0206010036121003201903
0206010036121009201903
0206010044121003201903
0206010044121009201903
0206010052121003201903
0206010052121009201903
0206010060121003201903
0206010060121009201903
0206010079121003201903
0206010079121009201903
0206010087121003201903
0206010087121009201903
0206010095121003201903
0206010095121009201903
0206010095151001201903
0206020015121003201903
0206020015121009201903
0206020023121003201903
0206020023121009201903
0206020031121003201903
0206020031121009201903
0206020040121003201903
0206020040121009201903
0206030010121003201903
0206030010121009201903
0206030029121003201903
0206030029121009201903
0206030037121003201903
0206030037121009201903
0207010013121004201903
0207010013121010201903
0207010021121004201903
0207010021121010201903
0207010030121004201903
0207010030121010201903
0207010048121004201903
0207010048121010201903
0207010056121004201903
0207010056121010201903
0207010064121004201903
0207010064121010201903
0207010072121004201903
0207010072121010201903
0207020019121004201903
0207020019121010201903
0207020027121004201903
0207020027121010201903
0207020035121004201903
0207020035121010201903
0207030014121004201903
0207030014121010201903
0207030022121004201903
0207030022121010201903
0207030030121004201903
0207030030121010201903
0207030049121004201903
0207030049121010201903
0208010017151001201903
0208010017151003201903
0208010025151001201903
0208010025151003201903
0208010033151001201903
0208010033151003201903
0208010041151001201903
0208010041151003201903
0208010050151001201903
0208010050151003201903
0208010068151001201903
0208010068151003201903
0208010076151001201903
0208010076151003201903
0208010084151001201903
0208010084151003201903
0208010092151001201903
0208010092151003201903
0208020012151001201903
0208020012151003201903
0208020020151001201903
0208020020151003201903
0208020039151001201903
0208020039151003201903
0208020047151001201903
0208020047151003201903
0208020055151001201903
0208020055151003201903
0208020063151001201903
0208020063151003201903
0208020071151001201903
0208020071151003201903
0208020080151001201903
0208020080151003201903
0208020098151001201903
0208020098151003201903
0208020101151001201903
0208020101151003201903
0208020110151001201903
0208020110151003201903
0208020128151001201903
0208020128151003201903
0208030018151001201903
0208030018151003201903
0208030026151001201903
0208030026151003201903
0208030034151001201903
0208030034151003201903
0208030042151001201903
0208030042151003201903
0208030050151001201903
0208030050151003201903
0208040013151001201903
0208040013151003201903
0208040021151001201903
0208040021151003201903
0208040030151001201903
0208040030151003201903
0208040048151001201903
0208040048151003201903
0208040056151001201903
0208040056151003201903
0208040064151001201903
0208040064151003201903
0208040072151001201903
0208040072151003201903
0208040080151001201903
0208040080151003201903
0208040099151001201903
0208040099151003201903
0208040102151001201903
0208040102151003201903
0208050019151001201903
0208050019151003201903
0208050027151001201903
0208050027151003201903
0208050035151001201903
0208050035151003201903
0208050043151001201903
0208050043151003201903
0208060014151001201903
0208060014151003201903
0208060022151001201903
0208060022151003201903
0208060030151001201903
0208060030151003201903
0208070010151001201903
0208070010151003201903
0208070028151001201903
0208070028151003201903
0208070036151001201903
0208070036151003201903
0208070044151001201903
0208070044151003201903
0208080015151001201903
0208080015151003201903
0208080023151001201903
0208080023151003201903
0208080031151001201903
0208080031151003201903
0208080040151001201903
0208080040151003201903
0208090010151001201903
0208090010151003201903
0208090029151001201903
0208090029151003201903
0208090037151001201903
0208090037151003201903
0209010010142001201903
0209010029142001201903
0209010037142001201903
0209010045142001201903
0209010053142001201903
0209010061142001201903
0209020016142003201903
0209030011142004201903
0209040017142002201903
0209040025142002201903
0209040033142002201903
0209040041142002201903
0209040050142002201903
0210010010121001201903
0210010010121007201903
0210010029121001201903
0210010029121007201903
0210010037121006201903
0210010037121011201903
0210010045121001201903
0210010045121007201903
0210010053121001201903
0210010053121007201903
0210010061121001201903
0210010061121007201903
0210010070121001201903
0210010070121007201903
0210010088121001201903
0210010088121007201903
0210010096121001201903
0210010096121007201903
0210010100121001201903
0210010100121007201903
0210010118121001201903
0210010118121007201903
0210010126121001201903
0210010126121007201903
0210010134121001201903
0210010134121007201903
0210010142121001201903
0210010142121007201903
0210010150121001201903
0210010150121007201903
0210010169121001201903
0210010169121006201903
0210010169121007201903
0210010177121001201903
0210010177121007201903
0210010185121001201903
0210010185121007201903
0210010193121001201903
0210010193121007201903
0210010207121001201903
0210010207121007201903
0210020016121001201903
0210020016121007201903
0211010022121002201903
0211020010116005201903
0211020028116005201903
0211020036113001201903
0211020036113002201903
0211020036113003201903
0211020036113004201903
0211020036122003201903
0211020036122007201903
0211020044122002201903
0211020044122006201903
0211020060122001201903
0211020060122005201903
0211030015126008201903
0211030015135001201903
0211030015135002201903
0211030015135003201903
0211030015135004201903
0211030015135005201903
0211030015135010201903
0211030015135011201903
0211030023126008201903
0211030023135001201903
0211030023135002201903
0211030023135003201903
0211030023135004201903
0211030023135005201903
0211030023135010201903
0211030023135011201903
0211030031126008201903
0211030031135001201903
0211030031135002201903
0211030031135003201903
0211030031135004201903
0211030031135005201903
0211030031135010201903
0211030031135011201903
0211030040126008201903
0211030040135001201903
0211030040135002201903
0211030040135003201903
0211030040135004201903
0211030040135005201903
0211030040135010201903
0211030040135011201903
0211030058126008201903
0211030058135001201903
0211030058135002201903
0211030058135003201903
0211030058135004201903
0211030058135005201903
0211030058135010201903
0211030058135011201903
0211030066126008201903
0211030066135001201903
0211030066135002201903
0211030066135003201903
0211030066135004201903
0211030066135005201903
0211030066135010201903
0211030066135011201903
0211030074126008201903
0211030074135001201903
0211030074135002201903
0211030074135003201903
0211030074135004201903
0211030074135005201903
0211030074135010201903
0211030074135011201903
0211030082126008201903
0211030082135001201903
0211030082135002201903
0211030082135003201903
0211030082135004201903
0211030082135005201903
0211030082135010201903
0211030082135011201903
0211030090126008201903
0211030090135001201903
0211030090135002201903
0211030090135003201903
0211030090135004201903
0211030090135005201903
0211030090135010201903
0211030090135011201903
0211040037145009201903
0211050024122004201903
0211050024122008201903
0211050032122004201903
0211050032122008201903
0211050040122004201903
0211050040122008201903
0211050059122004201903
0211050059122008201903
0211050067122004201903
0211050067122008201903
0211050091105006201903
0211050105105009201903
0211050105133001201903
0211050105133002201903
0211050105133003201903
0211050148105006201903
0211050156122004201903
0211050156122008201903
0211060011131001201903
0211060011135001201903
0211060011135004201903
0211060020131001201903
0211060020135001201903
0211060020135004201903
0211060038131001201903
0211060054131001201903
0211060062131001201903
0211060070131001201903
0211060070135001201903
0211060070135004201903
0211060089131001201903
0211060089135001201903
0211060089135004201903
0211060097131001201903
0211060100131001201903
0211060100135001201903
0211060100135004201903
0211060119131001201903
0211060127131001201903
0211060127131006201903
0211060127131007201903
0211060127135001201903
0211060127135004201903
0211060135131001201903
0211060143131001201903
0211060151113001201903
0211060151113002201903
0211060151113003201903
0211060151113004201903
0211060151131001201903
0211060151135001201903
0211060151135004201903
0211060160131001201903
0211060160135001201903
0211060160135004201903
0211060178131001201903
0211060178131005201903
0211060186131001201903
0211060208131001201903
0211060216131001201903
0211060216135001201903
0211060216135004201903
0211060224131001201903
0211060224135001201903
0211060224135004201903
0211060232131001201903
0211060232135001201903
0211060232135004201903
0211060240131001201903
0211060259131001201903
0211060259135001201903
0211060259135004201903
0211060267131001201903
0211060283131001201903
0211070025135005201903
0211070025135010201903
0211070033135005201903
0211070033135010201903
0211070041135010201903
0211070092135005201903
0211070092135010201903
0211070106135005201903
0211070106135010201903
0211070122135010201903
0211070157135005201903
0211070157135010201903
0211070165135005201903
0211070165135010201903
0211070190135001201903
0211070190135002201903
0211070190135003201903
0211070190135004201903
0211070190135005201903
0211070190135010201903
0211070203135005201903
0211070203135010201903
0211070211135005201903
0211070211135010201903
0211070238135005201903
0211070238135010201903
0211070246135005201903
0211070246135010201903
0211070254135010201903
0211070262135005201903
0211070262135010201903
0211070270107007201903
0211070270135010201903
0211070289135005201903
0211070289135010201903
0211070297135005201903
0211070297135010201903
0211070300135005201903
0211070300135010201903
0211070319135005201903
0211070319135010201903
0211070327135005201903
0211070327135010201903
0211070335135005201903
0211070335135010201903
0211070343135005201903
0211070343135010201903
0211070378107008201903
0211070386107008201903
0211070394107008201903
0211070408107008201903
0211070416107008201903
0211080012133001201903
0211080020133001201903
0211080039133001201903
0211080047133001201903
0211080055133002201903
0211080055133003201903
0211080063133001201903
0211080071133001201903
0211080080122001201903
0211080080122005201903
0211100013115002201903
0211100013135001201903
0211100013135003201903
0211100013135004201903
0211100013135005201903
0211100013135010201903
0211100013135011201903
0212010018128002201903
0212010026128002201903
0212010034128002201903
0212010042128002201903
0212010050128002201903
0212010069128002201903
0212020013128003201903
0212020021128003201903
0212020030128003201903
0212020048128003201903
0212020056128003201903
0212020064128003201903
0213010011141001201903
0213010020141001201903
0213010038141001201903
0213010054141001201903
0213010062141001201903
0213010070141001201903
0213010089141001201903
0213010097141001201903
0213010100141001201903
0213010119141001201903
0213010127141001201903
0213010135141001201903
0213010143141001201903
0213010160141001201903
0213010178141001201903
0213010186141001201903
0213010194141001201903
0213010208141001201903
0213010216141001201903
0213010224141001201903
0213010232141001201903
0213010240141001201903
0213010259141001201903
0213010267141001201903
0213010275141001201903
0213010291141001201903
0213010305141001201903
0213010321141001201903
0213010330141001201903
0213010348141001201903
0213010356141001201903
0213010364141001201903
0213010372141001201903
0213010380141001201903
0213010399141001201903
0213010402141001201903
0213010410141001201903
0213010429141001201903
0213010437141001201903
0213010445141001201903
0213010453141001201903
0213010470141001201903
0213010488141001201903
0213010496141001201903
0213010500141001201903
0213010518141001201903
0213010526141001201903
0213010534141001201903
0213010542141001201903
0213010550141001201903
0213010569141001201903
0213010577141001201903
0213010585141001201903
0213010607141001201903
0213010615141001201903
0213010623141001201903
0213010631141001201903
0213010640141001201903
0213010658141001201903
0213010666141001201903
0213010674141001201903
0213010682141001201903
0213010690141001201903
0213010704141001201903
0213020017141003201903
0213020025141003201903
0213020033141003201903
0213020041141003201903
0213020050141003201903
0213020068141003201903
0213020076141003201903
0213020084141003201903
0301010102131001201903
0301010196168001201903
0301010196168002201903
0301010200168001201903
0301010200168002201903
0301010218168001201903
0301010218168002201903
0301010226168001201903
0301010226168002201903
0301020019108001201903
0301020027108001201903
0301030022103006201903
0301030049103012201903
0301030057103002201903
0301030057103005201903
0301030081103002201903
0301030090103003201903
0301030103103002201903
0301030111104003201903
0301030120104003201903
0301030138104003201903
0301030146104003201903
0301030154103001201903
0301030162103003201903
0301030162103005201903
0301040052165001201903
0301040060165008201903
0301050015133001201903
0301050031113001201903
0301050031113003201903
0301050031113004201903
0301050040113001201903
0301050066113003201903
0301050066113004201903
0301050066133001201903
0301050074113002201903
0301050082113003201903
0301050082113004201903
0301050112113003201903
0301050112113004201903
0301050120113003201903
0301050120113004201903
0301050139113003201903
0301050139113004201903
0301050147108003201903
0301050147113003201903
0301050147113004201903
0301050155113002201903
0301050155113004201903
0301070016107005201903
0301070024113001201903
0301070024113002201903
0301070024113003201903
0301070024113004201903
0301070024135001201903
0301070024135002201903
0301070024135003201903
0301070024135004201903
0301070024135005201903
0301070024135010201903
0301070032135005201903
0301070032135010201903
0301070040115002201903
0301070040135001201903
0301070040135002201903
0301070040135003201903
0301070040135004201903
0301070040135005201903
0301070040135010201903
0301070040135011201903
0301070067113001201903
0301070067113002201903
0301070067113003201903
0301070067113004201903
0301070067135001201903
0301070067135002201903
0301070067135003201903
0301070067135004201903
0301070067135005201903
0301070067135010201903
0301070075135001201903
0301070075135002201903
0301070075135003201903
0301070075135004201903
0301070075135005201903
0301070075135009201903
0301070075135010201903
0301070083135001201903
0301070083135002201903
0301070083135003201903
0301070083135004201903
0301070083135005201903
0301070083135010201903
0301070091135003201903
0301070091135011201903
0301070105135003201903
0301070105135011201903
0301070113113001201903
0301070113113002201903
0301070113113003201903
0301070113113004201903
0301070113135001201903
0301070113135002201903
0301070113135003201903
0301070113135004201903
0301070113135005201903
0301070113135010201903
0301070121135003201903
0301070130135003201903
0301070130135011201903
0301070148135001201903
0301070148135004201903
0301070156135001201903
0301070156135004201903
0301070164135001201903
0301070164135004201903
0301070172107008201903
0301070180107008201903
0301070199107008201903
0301080011119001201903
0301080020115002201903
0301080038115002201903
0301080046115001201903
0301080046115004201903
0301080046115005201903
0301080160115002201903
0301080160135001201903
0301080160135003201903
0301080160135004201903
0301080160135005201903
0301080160135010201903
0301080160135011201903
0301080178115002201903
0301080194115002201903
0301080208115002201903
0301080216115002201903
0301080224115002201903
0301080232115002201903
0301080240115002201903
0301080259115002201903
0301080267115002201903
0301080275115002201903
0301080283115002201903
0301080291115002201903
0301080305115002201903
0301080313115002201903
0301080321115002201903
0301080330115002201903
0301080348115002201903
0301080356115002201903
0301080364115008201903
0301080372115006201903
0301080380115007201903
0301080399115002201903
0301110018117002201903
0301110026117002201903
0301120056127001201903
0301120064139005201903
0301120072139006201903
0301120080127001201903
0301130035153001201903
0301130043153001201903
0301130043153002201903
0301130051130006201903
0301130060130006201903
0301140014113002201903
0301140014113004201903
0302010017126001201903
0302010025126001201903
0302010033126001201903
0302020012113001201903
0302020012113002201903
0302020012113003201903
0302020012113004201903
0302020012126002201903
0302020020113001201903
0302020020113002201903
0302020020113003201903
0302020020113004201903
0302020020126002201903
0302020039126002201903
0302030018126003201903
0302030018135001201903
0302030018135004201903
0302030026126003201903
0302030026135001201903
0302030026135004201903
0302040013126002201903
0302040013126004201903
0302040013126006201903
0302040013126007201903
0302040013135003201903
0302040013135011201903
0302040021113001201903
0302040021113002201903
0302040021113003201903
0302040021113004201903
0302040021126004201903
0302040021135003201903
0302040021135004201903
0302040021135011201903
0302040030113001201903
0302040030113002201903
0302040030113003201903
0302040030113004201903
0302040030126004201903
0302040048126004201903
0302040048135003201903
0302040048135011201903
0302040056126004201903
0302040056135003201903
0302040056135011201903
0302050019126005201903
0302050019135003201903
0302050019135011201903
0302050027113001201903
0302050027113002201903
0302050027113003201903
0302050027113004201903
0302050027126005201903
0302050027135003201903
0302050027135004201903
0302050027135011201903
0302050035126005201903
0302060014113001201903
0302060014113002201903
0302060014113003201903
0302060014113004201903
0302060014126007201903
0302060014135003201903
0302060014135004201903
0302060014135011201903
0302060022113001201903
0302060022113002201903
0302060022113003201903
0302060022113004201903
0302060022126007201903
0302060022135003201903
0302060022135004201903
0302060022135011201903
0302060030126007201903
0302060030135003201903
0302060030135011201903
0302060049126007201903
0302060049135002201903
0302060049135003201903
0302060049135004201903
0302060049135011201903
0302060057126007201903
0302060057135003201903
0302060057135011201903
0302070010126006201903
0302070028126006201903
0302070036126006201903
0303030089153001201903
0303030097153001201903
0303040068105001201903
0303040068105002201903
0303040068105003201903
0303040068105004201903
0303040068105005201903
0303040068105006201903
0303040068105007201903
0303040068105008201903
0303040068132005201903
0303040106105001201903
0303040106105002201903
0303040106105003201903
0303040106105004201903
0303040106105005201903
0303040114105001201903
0303040114105002201903
0303040114105003201903
0303040114105004201903
0303040114105005201903
0303040114155001201903
0303040114155002201903
0303040114155003201903
0303040122105001201903
0303040122105002201903
0303040122105003201903
0303040122105004201903
0303040122105005201903
0303040122132005201903
0303040300140005201903
0303040300140006201903
0303040300140019201903
0303050012131002201903
0303050020131002201903
0303050039131002201903
0303050047131002201903
0303050055131002201903
0303050063131002201903
0303050071131002201903
0303050080131002201903
0303050098131002201903
0303050101131002201903
0303050110131002201903
0303050136131002201903
0303050144131002201903
0303050152131002201903
0303050160131002201903
0303050179131002201903
0303050187131002201903
0303050195131002201903
0303050209131002201903
0303050217131002201903
0303050225131002201903
0303050233131002201903
0303070013142001201903
0303070137127001201903
0303170131115003201903
0303170140115003201903
0303170158115003201903
0303170166115003201903
0303170174115003201903
0303170182115003201903
0303190019113001201903
0303190019113002201903
0303190019113003201903
0303190019113004201903
0303190019135003201903
0304010014132004201903
0304010022132004201903
0304010030132004201903
0304010049132004201903
0304010057132004201903
0304010065132004201903
0304010073132004201903
0304010081132004201903
0304010090132004201903
0304010111132001201903
0304010111132002201903
0304010111132003201903
0304010111132004201903
0304010120132004201903
0304010138132004201903
0304010146132004201903
0304010154132004201903
0304010162132004201903
0304010170132004201903
0304010189132004201903
0304010197132004201903
0304010200132004201903
0304010219132004201903
0304010235132004201903
0304010243132004201903
0304010260132004201903
0304010286132004201903
0304010294132004201903
0304010308132004201903
0304010316132004201903
0304010324132004201903
0304010332132004201903
0304010340132004201903
0304010359105003201903
0304010359105004201903
0304010359132001201903
0304010359132003201903
0304010359132004201903
0304020010132003201903
0304020028132003201903
0304020036132003201903
0304020044132003201903
0304020052132003201903
0304020060132003201903
0304020079132003201903
0304020087132003201903
0304020095132003201903
0304020109132003201903
0304020117132003201903
0304020125132003201903
0304020133132003201903
0304020141132003201903
0304020150132003201903
0304020168132003201903
0304020176132003201903
0304020184132003201903
0304020192132003201903
0304020206132003201903
0304020214132003201903
0304020222132003201903
0304020230132003201903
0304020249132003201903
0304020257132003201903
0304020265132003201903
0304020273132003201903
0304020281132003201903
0304020290132003201903
0304020303132003201903
0304020311132003201903
0304020320132003201903
0304020338132003201903
0304020346132003201903
0304020362132003201903
0304020370132003201903
0304020389132003201903
0304020397132003201903
0304020400132003201903
0304020419132003201903
0304020427132003201903
0304020435132003201903
0304020443132003201903
0304030015132002201903
0304030015132003201903
0304030023132002201903
0304030023132003201903
0304030031132002201903
0304030031132003201903
0304030040132002201903
0304030040132003201903
0304030058132002201903
0304030058132003201903
0304030066132002201903
0304030066132003201903
0304030074132002201903
0304030074132003201903
0304030082132002201903
0304030082132003201903
0304030090132002201903
0304030090132003201903
0304030104132002201903
0304030104132003201903
0304030112132002201903
0304030112132003201903
0304030120132002201903
0304030120132003201903
0304030139132002201903
0304030139132003201903
0304030147132002201903
0304030147132003201903
0304030155132002201903
0304030155132003201903
0304030163132002201903
0304030163132003201903
0304030171132002201903
0304030171132003201903
0304030180132002201903
0304030180132003201903
0304030198132002201903
0304030198132003201903
0304030201132002201903
0304030201132003201903
0304030210132002201903
0304030210132003201903
0304030228132002201903
0304030228132003201903
0304030236132003201903
0304030244132003201903
0304040010132003201903
0304040029132003201903
0304040045132003201903
0304040053132003201903
0304040061132003201903
0304040070132003201903
0304040088132003201903
0304040096132003201903
0304040100132003201903
0304040118132003201903
0304040126132003201903
0304040134132003201903
0304040142132003201903
0304040150132003201903
0304040169132003201903
0304040177132003201903
0304040185132003201903
0304040193132003201903
0304040207132003201903
0304050016132003201903
0304050024132003201903
0304050032132003201903
0304050040132003201903
0304050067132003201903
0304050075132003201903
0304050113132003201903
0304050121132003201903
0304050130132003201903
0304050172132003201903
0304050180132003201903
0304050202132003201903
0304050210132003201903
0304050229132003201903
0304050253132003201903
0304050261132003201903
0304050270132003201903
0304050288132003201903
0304050296132003201903
0304050300132003201903
0304050318132003201903
0304050326132003201903
0304050334132003201903
0304050342132003201903
0304060011132002201903
0304060011132003201903
0304060038132002201903
0304060038132003201903
0304060046132002201903
0304060046132003201903
0304060070132002201903
0304060070132003201903
0304060089132002201903
0304060089132003201903
0304060097132002201903
0304060097132003201903
0304060100132002201903
0304060100132003201903
0304060119132002201903
0304060119132003201903
0304060127132002201903
0304060127132003201903
0304060135132002201903
0304060135132003201903
0304060151132003201903
0304060160132003201903
0304060178132003201903
0304060186132003201903
0304060208132003201903
0304060216132003201903
0304060224132002201903
0304060224132003201903
0304060232132002201903
0304060232132003201903
0304060240132002201903
0304060240132003201903
0304070017132001201903
0304070017132002201903
0304070017132003201903
0304070025132001201903
0304070025132002201903
0304070025132003201903
0304070033132001201903
0304070033132002201903
0304070033132003201903
0304070041132001201903
0304070041132002201903
0304070041132003201903
0304070050132001201903
0304070050132003201903
0304070068132001201903
0304070068132002201903
0304070068132003201903
0304070076132001201903
0304070076132002201903
0304070076132003201903
0304080012132001201903
0304080012132002201903
0304080012132003201903
0304080020132001201903
0304080020132002201903
0304080020132003201903
0304080039132001201903
0304080039132002201903
0304080039132003201903
0304080047132001201903
0304080047132003201903
0304080055132001201903
0304080055132002201903
0304080055132003201903
0304080063132003201903
0304080071132001201903
0304080071132002201903
0304080071132003201903
0304090018151001201903
0304090026151001201903
0304090034151001201903
0304090042151001201903
0304090050151001201903
0304090069151001201903
0305010018130001201903
0305010026130001201903
0305010093130001201903
0305010107130001201903
0305010115130001201903
0305010123130001201903
0305010166130001201903
0305010204130001201903
0305010212130001201903
0306010011128001201903
0306010020128001201903
0306010038128001201903
0306020017128004201903
0306020025128004201903
0306020033128004201903
0306020041128003201903
0306020050128004201903
0306020068128004201903
0306020076128004201903
0306020084128004201903
0306020092128004201903
0306020106128004201903
0306020114128004201903
0306020122128004201903
0306020130128004201903
0306020149128004201903
0306020157128004201903
0309030056142003201903
0309030064142003201903
0309030102169002201903
0309030110169002201903
0309030129169002201903
0309030137169002201903
0309050014113001201903
0309050014113002201903
0309050014113003201903
0309050014113004201903
0309050014134001201903
0309050014135001201903
0309050014135002201903
0309050014135003201903
0309050014135004201903
0309050014135005201903
0309050014135010201903
0309050014135011201903
0309050022113001201903
0309050022113002201903
0309050022113003201903
0309050022113004201903
0309050022134001201903
0309050022135001201903
0309050022135002201903
0309050022135003201903
0309050022135004201903
0309050022135005201903
0309050022135010201903
0309050022135011201903
0309050030113001201903
0309050030113002201903
0309050030113003201903
0309050030113004201903
0309050030134003201903
0309050030135001201903
0309050030135002201903
0309050030135003201903
0309050030135004201903
0309050030135005201903
0309050030135010201903
0309050030135011201903
0309070015116008201903
0309070023116008201903
0403010047105001201903
0403010047105002201903
0403010047105003201903
0403010047105004201903
0403010047105005201903
0403010047132005201903
0403010055105001201903
0403010055105002201903
0403010055105003201903
0403010055105004201903
0403010055105005201903
0403010055132005201903
0403010071105001201903
0403010071105002201903
0403010071105003201903
0403010071105004201903
0403010071105005201903
0403010071132005201903
0403010110105001201903
0403010110105002201903
0403010110105003201903
0403010110105004201903
0403010110105005201903
0403010110132005201903
0403010128105001201903
0403010128105002201903
0403010128105003201903
0403010128105004201903
0403010128105005201903
0403010128132005201903
0403010136105001201903
0403010136105002201903
0403010136105003201903
0403010136105004201903
0403010136105005201903
0403010144105001201903
0403010144105002201903
0403010144105003201903
0403010144105004201903
0403010144105005201903
0403010144132005201903
0403010217105001201903
0403010217105002201903
0403010217105003201903
0403010217105004201903
0403010217105005201903
0403010225105001201903
0403010225105002201903
0403010225105003201903
0403010225105004201903
0403010225105005201903
0403010233105001201903
0403010233105002201903
0403010233105003201903
0403010233105004201903
0403010233105005201903
0403010241105001201903
0403010241105002201903
0403010241105003201903
0403010241105004201903
0403010241105005201903
0403010241132005201903
0403010250105001201903
0403010250105002201903
0403010250105003201903
0403010250105004201903
0403010250105005201903
0403010250132005201903
0403010292105001201903
0403010292105002201903
0403010292105003201903
0403010292105004201903
0403010292105005201903
0403010292132005201903
0403010330105001201903
0403010330105002201903
0403010330105003201903
0403010330105004201903
0403010330105005201903
0403010357105001201903
0403010357105002201903
0403010357105003201903
0403010357105004201903
0403010357105005201903
0403010357132005201903
0403020018105001201903
0403020018105002201903
0403020018105003201903
0403020018105004201903
0403020018105005201903
0403020018132005201903
0403020018155001201903
0403020018155002201903
0403020026105001201903
0403020026105002201903
0403020026105003201903
0403020026105004201903
0403020026105005201903
0403020026132005201903
0403020026155001201903
0403020026155002201903
0403020034105001201903
0403020034105002201903
0403020034105003201903
0403020034105004201903
0403020034105005201903
0403020034132005201903
0403020034155001201903
0403020034155002201903
0403020042105001201903
0403020042105002201903
0403020042105003201903
0403020042105004201903
0403020042105005201903
0403020042132005201903
0403020042155001201903
0403020042155002201903
0403020050105001201903
0403020050105002201903
0403020050105003201903
0403020050105004201903
0403020050105005201903
0403020050132005201903
0403020050155001201903
0403020050155002201903
0403020069105001201903
0403020069105002201903
0403020069105003201903
0403020069105004201903
0403020069105005201903
0403020069132005201903
0403020069155001201903
0403020069155002201903
0403020093105001201903
0403020093105002201903
0403020093105003201903
0403020093105004201903
0403020093105005201903
0403020093132005201903
0403020115105001201903
0403020115105002201903
0403020115105003201903
0403020115105004201903
0403020115105005201903
0403020115132005201903
0403020115155001201903
0403020115155002201903
0403020131105001201903
0403020131105002201903
0403020131105003201903
0403020131105004201903
0403020131105005201903
0403020131132005201903
0403020131155001201903
0403020131155002201903
0403030013105001201903
0403030013105002201903
0403030013105003201903
0403030013105004201903
0403030013105005201903
0403030013132005201903
0403030021105001201903
0403030021105002201903
0403030021105003201903
0403030021105004201903
0403030021105005201903
0403030021132005201903
0403030030105001201903
0403030030105002201903
0403030030105003201903
0403030030105004201903
0403030030105005201903
0403030030132005201903
0403030048105001201903
0403030048105002201903
0403030048105003201903
0403030048105004201903
0403030048105005201903
0403030048132005201903
0403030056105001201903
0403030056105002201903
0403030056105003201903
0403030056105004201903
0403030056105005201903
0403030056132005201903
0403030064105001201903
0403030064105002201903
0403030064105003201903
0403030064105004201903
0403030064105005201903
0403030064132005201903
0403030080105001201903
0403030080105002201903
0403030080105003201903
0403030080105004201903
0403030080105005201903
0403030080132005201903
0403030099105001201903
0403030099105002201903
0403030099105003201903
0403030099105004201903
0403030099105005201903
0403030099132005201903
0403030102105001201903
0403030102105002201903
0403030102105003201903
0403030102105004201903
0403030102105005201903
0403030102132005201903
0403030110105001201903
0403030110105002201903
0403030110105003201903
0403030110105004201903
0403030110105005201903
0403030110132005201903
0403030129105001201903
0403030129105002201903
0403030129105003201903
0403030129105004201903
0403030129105005201903
0403030129132005201903
0403030137105001201903
0403030137105002201903
0403030137105003201903
0403030137105004201903
0403030137105005201903
0403030137132005201903
0403030145105001201903
0403030145105002201903
0403030145105003201903
0403030145105004201903
0403030145105005201903
0403030145132005201903
0403030153105001201903
0403030153105002201903
0403030153105003201903
0403030153105004201903
0403030153105005201903
0403030153132005201903
0403030161105001201903
0403030161105002201903
0403030161105003201903
0403030161105004201903
0403030161105005201903
0403030161132005201903
0403040019105001201903
0403040019105002201903
0403040019105003201903
0403040019105004201903
0403040019105005201903
0403040027105001201903
0403040027105002201903
0403040027105003201903
0403040027105004201903
0403040027105005201903
0403040027132005201903
0403040051105001201903
0403040051105002201903
0403040051105003201903
0403040051105004201903
0403040051105005201903
0403040060105001201903
0403040060105002201903
0403040060105003201903
0403040060105004201903
0403040060105005201903
0403040078105001201903
0403040078105002201903
0403040078105003201903
0403040078105004201903
0403040078105005201903
0403040086105001201903
0403040086105002201903
0403040086105003201903
0403040086105004201903
0403040086105005201903
0403040086132005201903
0403040094105001201903
0403040094105002201903
0403040094105003201903
0403040094105004201903
0403040094105005201903
0403040108105001201903
0403040108105002201903
0403040108105003201903
0403040108105004201903
0403040108105005201903
0403040116105001201903
0403040116105002201903
0403040116105003201903
0403040116105004201903
0403040116105005201903
0403040124105001201903
0403040124105002201903
0403040124105003201903
0403040124105004201903
0403040124105005201903
0403050030105001201903
0403050030105002201903
0403050030105003201903
0403050030105004201903
0403050030105005201903
0403050030132005201903
0403050049105001201903
0403050049105002201903
0403050049105003201903
0403050049105004201903
0403050049105005201903
0403050049132005201903
0403050057105001201903
0403050057105002201903
0403050057105003201903
0403050057105004201903
0403050057105005201903
0403050057105008201903
0403050065105001201903
0403050065105002201903
0403050065105003201903
0403050065105004201903
0403050065105005201903
0403050065132005201903
0403050073105001201903
0403050073105002201903
0403050073105003201903
0403050073105004201903
0403050073105005201903
0403050073132005201903
0403050090105001201903
0403050090105002201903
0403050090105003201903
0403050090105004201903
0403050090105005201903
0403050090132005201903
0403050103105001201903
0403050103105002201903
0403050103105003201903
0403050103105004201903
0403050103105005201903
0403050103132005201903
0403050154105001201903
0403050154105002201903
0403050154105003201903
0403050154105004201903
0403050154105005201903
0403050154132005201903
0403050162105001201903
0403050162105002201903
0403050162105003201903
0403050162105004201903
0403050162105005201903
0403050162132005201903
0403060010105006201903
0403060028105006201903
0403060036105006201903
0403060044105006201903
0403060052105006201903
0403060060105006201903
0403060079105006201903
0403060087105006201903
0403060095105006201903
0403070015105007201903
0403070040105007201903
0403070058105007201903
0403070082105007201903
0403070090105007201903
0403070104105007201903
0403070112105007201903
0403070120105007201903
0403070139105007201903
0403070139132005201903
0403070147105007201903
0403070155105007201903
0403070163105007201903
0403080010105008201903
0403080029105008201903
0403080037105008201903
0403080045105008201903
0403080053105008201903
0403080061105008201903
0403080070105008201903
0403080088105008201903
0403080096105008201903
0403080100105008201903
0404010563153002201903
0404010571107008201903
0404010580107008201903
0404010598107008201903
0404010601107008201903
0404010610107008201903
0404010628107008201903
0404010636107008201903
0404010644107008201903
0404010652107008201903
0404020445114006201903
0404020445114007201903
0405010010131003201903
0405010028131003201903
0405010036131003201903
0405010044131003201903
0405010052131003201903
0405010060131003201903
0405010079131003201903
0405010087131003201903
0405010109131003201903
0405010117131003201903
0405010125131003201903
0405010125132001201903
0405010125132005201903
0405010133131003201903
0405010133132001201903
0405010133132005201903
0405010141131003201903
0405010150131003201903
0405010168131003201903
0405010176131003201903
0405010184131003201903
0405010192131003201903
0405010206131003201903
0405020015131003201903
0405020023131003201903
0405030010131003201903
0405030010132001201903
0405030010132005201903
0405030029131003201903
0405030037131003201903
0405030045131003201903
0405030053131003201903
0405030070131003201903
0405030096131003201903
0405030100131003201903
0405030118131003201903
0405030126131003201903
0405030126132001201903
0405030126132005201903
0405030134131003201903
0405030142131003201903
0405030150131003201903
0405030169131003201903
0405030177131003201903
0405030185131003201903
0405030193131003201903
0405030207131003201903
0405030215131003201903
0405030223131003201903
0405030231131003201903
0405040016131003201903
0405040024131003201903
0405040024132001201903
0405040024132005201903
0405040040131003201903
0405040059131003201903
0405040067131003201903
0405040067132001201903
0405040067132005201903
0405040075131003201903
0405040075132001201903
0405040075132005201903
0405040083131003201903
0405040083132001201903
0405040083132005201903
0405040091131003201903
0405040091132001201903
0405040091132005201903
0405040105131003201903
0405040130131003201903
0405040148131003201903
0405040148132001201903
0405040148132005201903
0405040156131003201903
0405040156132001201903
0405040156132005201903
0405040164131003201903
0405040164132001201903
0405040164132005201903
0405040180131003201903
0405040199131003201903
0405040202131003201903
0405040210131003201903
0405050011131003201903
0405050020131003201903
0405050038131003201903
0405050046131003201903
0405050054131003201903
0405050062131003201903
0405050070131003201903
0405050089131003201903
0405050089132001201903
0405050089132005201903
0405050097131003201903
0405050100131003201903
0405050119131003201903
0405050127131003201903
0405050135131003201903
0405050143131003201903
0405050151131003201903
0405050160131003201903
0405050178131003201903
0405050186131003201903
0405050194131003201903
0405050208131003201903
0405050208132001201903
0405050208132005201903
0405050216131003201903
0405050224131003201903
0405050232131003201903
0405050240131003201903
0405050259131003201903
0405050267131003201903
0405050283131003201903
0405050291131003201903
0405050305131003201903
0405050313131003201903
0405050321131003201903
0405050356131003201903
0405050364131003201903
0405050372131003201903
0405050380131003201903
0405050399131003201903
0406010013116003201903
0406010021116002201903
0406010021116003201903
0406010048116002201903
0406010048116003201903
0406010056116002201903
0406010056116003201903
0406010064116002201903
0406010064116003201903
0406010072116002201903
0406010072116003201903
0406010080116002201903
0406010080116003201903
0406010099116002201903
0406010099116003201903
0406010137116002201903
0406010137116003201903
0406010137116004201903
0406010153116003201903
0406010161116002201903
0406010161116003201903
0406010170116002201903
0406010170116003201903
0406010188116002201903
0406010188116003201903
0406010196116003201903
0406010200116002201903
0406010200116003201903
0406010218116002201903
0406010218116003201903
0406010226116003201903
0406010234116002201903
0406010234116003201903
0406010242116002201903
0406010242116003201903
0406010250116003201903
0406010269116003201903
0406010277116003201903
0406010285116003201903
0406010293116002201903
0406010293116003201903
0406010307116002201903
0406010307116003201903
0406010315116002201903
0406010315116003201903
0406010323116002201903
0406010323116003201903
0406010331116003201903
0406010340116002201903
0406010340116003201903
0406010358116002201903
0406010358116003201903
0406010366116003201903
0406010374116003201903
0406010382116002201903
0406010382116003201903
0406010390116002201903
0406010390116003201903
0406010404116002201903
0406010404116003201903
0406010420116003201903
0406010439116002201903
0406010439116003201903
0406010447116003201903
0406010455116002201903
0406010455116003201903
0406010463116003201903
0406010471116003201903
0406010480116002201903
0406010480116003201903
0406010498116003201903
0406010501116002201903
0406010501116003201903
0406010528116002201903
0406010528116003201903
0406010536116002201903
0406010536116003201903
0406010544116002201903
0406010544116003201903
0406010552116002201903
0406010552116003201903
0406010560116002201903
0406010560116003201903
0406010579116002201903
0406010579116003201903
0406010617116002201903
0406010617116005201903
0406010722116002201903
0406011230116002201903
0406011230116003201903
0406011249116002201903
0406011249116003201903
0406011257116002201903
0406011257116003201903
0406011265116002201903
0406011265116003201903
0406011273116002201903
0406011273116003201903
0406011281116002201903
0406011281116003201903
0406011290116002201903
0406011290116003201903
0406011303116002201903
0406011303116003201903
0406011311116002201903
0406011311116003201903
0406011320116002201903
0406011320116003201903
0406011338116002201903
0406011338116003201903
0406011346116002201903
0406011346116003201903
0406011354116002201903
0406011354116003201903
0406011362116002201903
0406011362116003201903
0406011370116002201903
0406011370116003201903
0406011389116002201903
0406011389116003201903
0406011397116002201903
0406011397116003201903
0406011400116002201903
0406011400116003201903
0406011419116002201903
0406011419116003201903
0406011427116002201903
0406011427116003201903
0406011435116002201903
0406011435116003201903
0406011443116002201903
0406011443116003201903
0406011451116002201903
0406011451116003201903
0406011460116002201903
0406011460116003201903
0406011478116002201903
0406011478116003201903
0406011486116002201903
0406011486116003201903
0406011494116002201903
0406011494116003201903
0406011508116002201903
0406011508116003201903
0406011516116002201903
0406011516116003201903
0407010122127001201903
0407010173127001201903
0407010181127001201903
0407010360127001201903
0407010378127001201903
0407030085121006201903
0407030093121006201903
0407030107121006201903
0407030115121006201903
0407030239121006201903
0409010189169002201903
0409050130153002201903
0409050148153002201903
0409060291153002201903
0410010197153002201903
0410010200153002201903
0413010015117002201903
0413010015140019201903
0413010031117002201903
0413010040117002201903
0413010058117002201903
0413010066117002201903
0413010066140019201903
0413010074117002201903
0413010082117002201903
0413010082140012201903
0413010082140019201903
0413010090117002201903
0413010090140006201903
0413010090140019201903
0413030016117001201903
0413030024117001201903
0413030032117001201903
0413030040117001201903
0413030040117003201903
0413030059117001201903
0413030067117001201903
0413030075117001201903
0413030083117001201903
0413040038127001201903
0413040054127001201903
0413040062127001201903
0413040070127001201903
0413040089127001201903
0413040259127001201903
0415020018127001201903
0415020050132005201903
0416010016132005201903
0416010024132005201903
0416010032132005201903
0416010040132005201903
0416010075132005201903
0416010091132005201903
0416010113132005201903
0416010121132005201903
0416010130132005201903
0416010164132005201903
0416010172132005201903
0416010180132005201903
0416010199132005201903
0416010202132005201903
0416010210132005201903
0416010229132005201903
0416020020132005201903
0416020151132005201903
0416020160132005201903
0416020178132005201903
0416020186132005201903
0416020194132005201903
0416020208132005201903
0416020216132005201903
0416020224132005201903
0416020232132005201903
0416020240132005201903
0416020259132005201903
0416030017132005201903
0416030025132005201903
0416030033132005201903
0416030041132005201903
0416030068132005201903
0416030076132005201903
0416030084132005201903
0416030092132005201903
0416030149132005201903
0416030157132005201903
0416030165132005201903
0416030173132005201903
0416030181132005201903
0416030190132005201903
0416030203132005201903
0416030211132005201903
0416030220132005201903
0416030238132005201903
0416030246132005201903
0416030254132005201903
0416030262132005201903
0416030270132005201903
0416030289132005201903
0416030297132005201903
0416030300132005201903
0416030319132005201903
0416030327132005201903
0416030335132005201903
0416030343132005201903
0416030351132005201903
0416030360132005201903
0416040012132005201903
0416040020132005201903
0416040039132005201903
0416040047132005201903
0416040055132005201903
0416040071132005201903
0416040101132005201903
0416040110132005201903
0416040128132005201903
0416040144132005201903
0416040179132005201903
0416040187132005201903
0416040195132005201903
0416040209132005201903
0416040217132005201903
0416040225132005201903
0416040233132005201903
0416040241132005201903
0416040250132005201903
0416040268132005201903
0416040276132005201903
0416040284132005201903
0416050018132005201903
0416050026132005201903
0416050034132005201903
0416050050132005201903
0416050077132005201903
0416050093132005201903
0416050107132005201903
0416050115132005201903
0416060013132005201903
0416060021132005201903
0416060030132005201903
0416060056132005201903
0416060064132005201903
0416060080132005201903
0416060099132005201903
0416060102132005201903
0416060110132005201903
0416060129132005201903
0416080014132005201903
0416080030132005201903
0416080081132005201903
0416080090132005201903
0416080111132005201903
0416080120132005201903
0416090010132005201903
0416090028132005201903
0416090036132005201903
0416090079132005201903
0416090109132005201903
0416090117132005201903
0416090125132005201903
0416090133132005201903
0416110010132005201903
0416110029132005201903
0416110037132005201903
0416110045132005201903
0416110053132005201903
0416110061132005201903
0416110070132005201903
0416110088132005201903
0416120024132005201903
0416120032132005201903
0416120040132005201903
0416120059132005201903
0418010013150002201903
0418010021150002201903
0418010030150001201903
0418010048130003201903
0418010064130003201903
0418010080130003201903
0418010099130003201903
0418020019130003201903
0418020027130003201903
0418020035130003201903
0501010017128001201903
0501060014121001201903
0501060014121007201903
0501060014149015201903
0501060022149015201903
0501060022151001201903
0501060022151003201903
0501060030121002201903
0501060030121008201903
0501060030149015201903
0501060049122004201903
0501060049122008201903
0501060049149015201903
0501060057121001201903
0501060057121002201903
0501060057121007201903
0501060057121008201903
0501060057122004201903
0501060057122008201903
0501060057149015201903
0501060057151001201903
0501060057151003201903
0501070028145003201903
0501070036145003201903
0501080031145008201903
0501080104145008201903
0502010010149015201903
0502010029149015201903
0503010014149015201903
0503010022149015201903
0503030015149015201903
0503030023149015201903
0503030031149015201903
0503030040149015201903
0503030058149015201903
0503030058149016201903
0503030066149015201903
0503030074149015201903
0503030082149015201903
0503030090149015201903
0503030104149015201903
0503040010149015201903
0503040029149015201903
0503040037149015201903
0503040045149015201903
0503040053149015201903
0503040061149015201903
0503040088149015201903
0504020013154002201903
0504020021154002201903
0504020030154002201903
0504020048154002201903
0504020056154002201903
0504030027154001201903
0506010023149014201903
0506010058149015201903
0603010016125006201903
0603020011125006201903
0603020020125006201903
0603020038125006201903
0603020046125006201903
0603020054125006201903
0603020062125006201903
0603020070125006201903
0603020089125006201903
0603020097125006201903
0603020100125006201903
0603030017125006201903
0603030025125006201903
0603030033125006201903
0603030041125006201903
0603040012125006201903
0603050018125006201903
0603050026125006201903
0603050034125006201903
0603050042125006201903
0603050050125006201903
0603050069125006201903
0603050077125006201903
0603050085125006201903
0603050093125006201903
0603050107125006201903
0603050115103003201903
0603050115103005201903
0603050115103012201903
0603050123103003201903
0603050123103005201903
0603050123103012201903
0603060013125006201903
0603070019125006201903
0603070027125006201903
0603070035125006201903
0603070043125006201903
0603070051125006201903
0603080014125006201903
0603080022125006201903
0603080030125006201903
0603080049125006201903
0603080057125006201903
0603080065125006201903
0603080073125006201903
0603080081125006201903
0603080090125006201903
0603080103125006201903
0603080111125006201903
0603080120125006201903
0603080138125006201903
0603080146125006201903
0603080154125006201903
0603080162125006201903
0603080170125006201903
0603080189125006201903
0603080197125006201903
0603080200125006201903
0603080219125006201903
0603080227125006201903
0603080278125006201903
0603080286125006201903
0603080294125006201903
0604010010125001201903
0604010028125001201903
0604010036125001201903
0604010044125001201903
0604010052125001201903
0604010060125001201903
0604010079125001201903
0604010087125001201903
0604010095125001201903
0604020015125001201903
0604020023125001201903
0604020031125001201903
0604020040125001201903
0604020058125001201903
0604030010125001201903
0604030037125001201903
0604030045125001201903
0604030053125001201903
0604030061125001201903
0604040016125001201903
0604040024125001201903
0604040032125001201903
0604040040125001201903
0604040059125001201903
0604040067125001201903
0604040075125001201903
0604040091125001201903
0604050011125001201903
0604050020125001201903
0604050038125001201903
0604050046125001201903
0604050054125001201903
0604050062125001201903
0604050070125001201903
0604050089125001201903
0604050097125001201903
0604050100125001201903
0604050119125001201903
0604060017125001201903
0604060025125001201903
0604070012125001201903
0604080018125001201903
0604080026125001201903
0604090013125001201903
0604100019125001201903
0604110014125001201903
0604110022125001201903
0604110030125001201903
0604110049125001201903
0604110057125001201903
0604110065125001201903
0604120010125001201903
0604130015125001201903
0604130023125001201903
0604130031125001201903
0604130040125001201903
0604130058125001201903
0604130066125001201903
0604130074125001201903
0604130082125001201903
0604130090125001201903
0604130104125001201903
0604130112125001201903
0604130120125001201903
0604130139125001201903
0604140029125001201903
0604140037125001201903
0604150016125001201903
0604150024125001201903
0604160011125001201903
0604160020125001201903
0604160046125001201903
0604160054125001201903
0604170017125001201903
0604170025125001201903
0604170033125001201903
0604170041125001201903
0604170050125001201903
0604180012125001201903
0604180020125001201903
0604190018125001201903
0604200013125001201903
0604210019125001201903
0604210027125001201903
0604220014125001201903
0604230010125001201903
0604230028125001201903
0604230036125001201903
0604230044125001201903
0604230052125001201903
0604230060125001201903
0604230079125001201903
0604230087125001201903
0604240015125001201903
0604240023125001201903
0604240031125001201903
0604240040125001201903
0604240058125001201903
0604240066125001201903
0604240074125001201903
0604250010125001201903
0604260016125001201903
0604270011125001201903
0604270020125001201903
0604270038125001201903
0604270046125001201903
0604270054125001201903
0604270062125001201903
0604270070125001201903
0604270089125001201903
0604270097125001201903
0604270100125001201903
0604270119125001201903
0604280068125001201903
0604280076125001201903
0604280084125001201903
0604280092125001201903
0604280106125001201903
0604290012125001201903
0604290020125001201903
0604290039125001201903
0604290047125001201903
0604290063125001201903
0604290071125001201903
0604290080125001201903
0604300018125001201903
0604300026125001201903
0604300034125001201903
0604310013125001201903
0604310021125001201903
0604310030125001201903
0604310048125001201903
0604310056125001201903
0604310064125001201903
0604320019125001201903
0604320027125001201903
0604320035125001201903
0604320043125001201903
0604320051125001201903
0604320060125001201903
0604320078125001201903
0604320086125001201903
0604320094125001201903
0604320116125001201903
0604320124125001201903
0604320132125001201903
0604320140125001201903
0604320159125001201903
0604330014125001201903
0604330022125001201903
0604340010125001201903
0604340028125001201903
0604340036125001201903
0604340044125001201903
0604340052125001201903
0604340060125001201903
0604340079125001201903
0604350015125001201903
0604350023125001201903
0604350031125001201903
0604360010125001201903
0604360029125001201903
0604360037125001201903
0604360045125001201903
0604360053125001201903
0604360061125001201903
0604360070125001201903
0604360088125001201903
0604360096125001201903
0604360100125001201903
0604360118125001201903
0604360126125001201903
0604370016125001201903
0604370024125001201903
0604380011125001201903
0604380020125001201903
0604380038125001201903
0604380046125001201903
0604380054125001201903
0604380062125001201903
0604380070125001201903
0604380089125001201903
0604390017125001201903
0604390025125001201903
0604390033125001201903
0604390041125001201903
0604390050125001201903
0604390068125001201903
0604390076125001201903
0604390084125001201903
0604390092125001201903
0604390106125001201903
0604390114125001201903
0604400012125001201903
0604410018125001201903
0604410026125001201903
0604410034125001201903
0604420013125001201903
0604430019125001201903
0604440014125001201903
0604450010125001201903
0604460023125001201903
0604460031125001201903
0604460040125001201903
0604460058125001201903
0604460066125001201903
0604470010125001201903
0604470029125001201903
0604470037125001201903
0604470045125001201903
0604470053125001201903
0604480016125001201903
0604490011125001201903
0604490020125001201903
0604500017125001201903
0604500025125001201903
0604500033125001201903
0604500041125001201903
0604500050125001201903
0604500068125001201903
0604500076125001201903
0604500084125001201903
0604510012125001201903
0604510020125001201903
0604510039125001201903
0604510047125001201903
0604520018125001201903
0604530013125001201903
0604530021125001201903
0604530030125001201903
0604540019125001201903
0604540027125001201903
0604540035125001201903
0604540043125001201903
0604550014125001201903
0604550022125001201903
0604560010125001201903
0604570015125001201903
0604570023125001201903
0604570031125001201903
0604580010125001201903
0604580029125001201903
0604590016125001201903
0604590024125001201903
0604600011125001201903
0604600020125001201903
0604610017125001201903
0604610025125001201903
0604620012125001201903
0604620020125001201903
0604620039125001201903
0604620047125001201903
0604630018125001201903
0604640030125001201903
0604650019125001201903
0604650027125001201903
0604650035125001201903
0604660014125001201903
0604660022125001201903
0604660030125001201903
0604670010125001201903
0604680023125001201903
0604690010125001201903
0604690029125001201903
0604700016125001201903
0604710011125001201903
0604710020125001201903
0604720017125001201903
0604720025125001201903
0604730012125001201903
0604740018125001201903
0604750013125001201903
0604750021125001201903
0604750030125001201903
0604750048125001201903
0604760019125001201903
0604760027125001201903
0604760035125001201903
0604760043125001201903
0604770030125001201903
0604780010125001201903
0701010010164001201903
0701010029164001201903
0701010037164001201903
0701010045164001201903
0701010053164001201903
0701010061164001201903
0701010070164001201903
0701010088164001201903
0701010096164001201903
0701010100164001201903
0701010118164001201903
0701010126164001201903
0701010134164001201903
0701010142164001201903
0701010150164001201903
0701010169164001201903
0701010177164001201903
0701010185164002201903
0701010193164002201903
0701010207164001201903
0701010207164002201903
0701010215164001201903
0701010215164002201903
0701010223164001201903
0701010223164002201903
0701010231164001201903
0701010231164002201903
0701010240164001201903
0701010240164002201903
0701010258164001201903
0701010258164002201903
0701010266164001201903
0701010266164002201903
0701010274164001201903
0701010274164002201903
0701010282164001201903
0701010282164002201903
0701010290164001201903
0701010290164002201903
0701010304164001201903
0701010304164002201903
0701010312164001201903
0701010312164002201903
0701010320164001201903
0701010320164002201903
0701010339164001201903
0701010339164002201903
0701020016164003201903
0701020024164003201903
0701020032164003201903
0701020040164003201903
0701020059164003201903
0701020067164003201903
0701020075164003201903
0701020083164003201903
0701020091164003201903
0701020105164003201903
0701020113164003201903
0701020121164003201903
0701020130164003201903
0701020148164003201903
0701020156164003201903
0701020164164003201903
0701020172164003201903
0701020180164003201903
0701020199164003201903
0701020202164003201903
0701020210164003201903
0701020229164003201903
0701020237164003201903
0701020245164003201903
0701020253164003201903
0701020261164003201903
0701020270164003201903
0701020288164003201903
0701020296164003201903
0701020300164003201903
0701020318164003201903
0701020326164003201903
0701020334164003201903
0701020342164003201903
0701020350164003201903
0701020369164003201903
0701020377164003201903
0701020385164003201903
0701020393164003201903
0701020407164003201903
0701020415164003201903
0701020423164003201903
0701020431164003201903
0701020440164003201903
0701020458164003201903
0701020466164003201903
0701020474164003201903
0701020482164003201903
0701020490164003201903
0701020504164003201903
0701020512164003201903
0701020520164003201903
0701020539164003201903
0701020547164003201903
0701020555164003201903
0701020563164003201903
0701020571164004201903
0701020580164004201903
0701020598164001201903
0701020601164001201903
0701020610164001201903
0701020628164001201903
0701020636164001201903
0701020644164001201903
0701020652164001201903
0701030011164005201903
0701030020164005201903
0701030038164005201903
0701030046164005201903
0701030054164005201903
0701030062164005201903
0701030070164005201903
0701030089164005201903
0701030097164005201903
0701030100164005201903
0701030119164005201903
0701030127164005201903
0701030135164005201903
0701030143164005201903
0701030151164005201903
0701030160164005201903
0701030178164005201903
0701030186164005201903
0701030194164005201903
0701030208164005201903
0701030216164005201903
0701030224164005201903
0701030232164005201903
0701030240164005201903
0701030259164005201903
0701030267164005201903
0701030275164005201903
0701030283164005201903
0701030291164005201903
0701030305164006201903
0701030321164005201903
0701030321164006201903
0701030348107008201903
0701040017164007201903
0701040025164007201903
0701040033164007201903
0701040041164007201903
0701040050164007201903
0701040068164007201903
0701040092164007201903
0701040106164007201903
0701040114164007201903
0701040122164007201903
0701040130164007201903
0701040149164008201903
0701040157164008201903
0701050012135012201903
0701050012135013201903
0701050020135012201903
0701050020135013201903
0701050047135012201903
0701050047135013201903
0701060018135012201903
0701060018135013201903
0701060026135012201903
0701060026135013201903
0701060034135012201903
0701060034135013201903
0701060042135012201903
0701060042135013201903
0701070013123007201903
0701070021123007201903
0701070030123007201903
0701070048123007201903
0701070056123007201903
0701070064123007201903
0701070072123007201903
0701070080123007201903
0701070099157001201903
0701070102157001201903
0701070110123007201903
0701070129157001201903
0701070137157001201903
0701070145157001201903
0701070161123007201903
0701070161123008201903
0701070170123007201903
0701070170123008201903
0701080027123008201903
0701080043123008201903
0701080051123008201903
0701080060123008201903
0701080078123008201903
0701080086123008201903
0701080094123008201903
0701080132123008201903
0701080140123008201903
0701080159123008201903
0701080167123008201903
0701080175123008201903
0701080183123008201903
0701080191123008201903
0701090014164009201903
0701090022164009201903
0701090030164009201903
0701090049164009201903
0701090057164009201903
0701090065164009201903
0701090073164009201903
0701090081164009201903
0701090090164009201903
0701090103107008201903
0701090111107008201903
0701090120107008201903
0701090138107008201903
0701090146107008201903
0701090154107008201903
0701090162107008201903
0701090170107008201903
0701090189107008201903
0701090197107008201903
0701090200107008201903
0701090219107008201903
0701090227107008201903
0701090235107008201903
0701100010123010201903
0701100028123010201903
0701100036123010201903
0701100044123010201903
0701100052123010201903
0701100060123010201903
0701100079123010201903
0701100087123010201903
0701100095123010201903
0701100109123010201903
0702070041131002201903
0702070050131002201903
0702090050107008201903
0702090069107008201903
0702090085107008201903
0702090093107008201903
0702100013130001201903
0702100021130001201903
0702100030130001201903
0702100048130001201903
0702100056130001201903
0702100064130001201903
0702100072130001201903
0702100080130001201903
0702100099130001201903
0702100102130001201903
